physics_marks,math_marks,english_marks,total_score
81,94,32,207
44,67,70,181
90,40,64,194
50,39,79,168
53,88,59,200
32,84,99,215
51,49,83,183
82,46,80,208
31,97,57,185
59,34,93,186
67,89,50,206
31,52,56,139
93,75,56,224
89,81,79,249
50,39,58,147
62,75,68,205
87,57,86,230
51,72,66,189
78,55,93,226
88,84,77,249
71,77,51,199
89,58,59,206
44,56,57,157
91,47,52,190
91,89,33,213
76,98,32,206
91,50,90,231
80,53,33,166
84,32,94,210
93,91,41,225
32,31,42,105
80,95,63,238
36,71,88,195
50,63,60,173
68,71,42,181
47,49,83,179
33,97,31,161
89,74,62,225
43,71,79,193
38,76,36,150
82,34,47,163
31,78,80,189
89,66,37,192
73,63,84,220
37,99,72,208
76,47,88,211
64,48,59,171
65,69,88,222
79,46,38,163
33,89,97,219
31,71,68,170
35,94,40,169
83,82,31,196
33,36,52,121
83,34,92,209
92,53,51,196
47,57,90,194
73,91,55,219
63,46,41,150
91,49,61,201
43,32,38,113
77,66,98,241
44,44,62,150
91,80,53,224
69,77,98,244
82,37,67,186
53,42,40,135
55,77,61,193
89,32,93,214
70,94,49,213
58,60,63,181
44,55,71,170
74,85,37,196
94,63,95,252
38,38,50,126
30,91,99,220
37,42,34,113
92,98,96,286
40,70,72,182
37,30,45,112
64,76,64,204
64,33,72,169
62,92,68,222
34,81,39,154
70,39,49,158
57,57,30,144
36,35,35,106
41,56,82,179
63,41,75,179
62,91,95,248
77,81,67,225
52,77,62,191
91,96,96,283
66,75,64,205
73,44,74,191
64,65,51,180
94,43,97,234
76,32,46,154
32,96,34,162
30,48,86,164
34,83,69,186
43,98,59,200
56,39,71,166
38,62,36,136
44,42,48,134
71,80,70,221
80,61,63,204
92,53,51,196
81,64,81,226
33,99,35,167
52,69,54,175
44,83,95,222
72,73,39,184
58,91,55,204
65,97,34,196
42,62,97,201
61,85,79,225
88,65,46,199
57,83,40,180
95,48,82,225
71,72,79,222
74,41,37,152
91,40,91,222
86,99,58,243
35,41,73,149
57,70,74,201
57,54,58,169
73,32,88,193
59,32,44,135
91,57,99,247
91,52,73,216
30,77,65,172
56,96,86,238
91,71,93,255
32,69,67,168
99,35,46,180
56,49,56,161
38,40,46,124
91,56,92,239
66,50,40,156
80,42,93,215
73,64,68,205
53,76,31,160
88,57,95,240
61,50,83,194
81,47,58,186
91,60,74,225
87,89,60,236
81,66,78,225
41,50,38,129
68,43,56,167
31,89,85,205
32,52,74,158
85,58,72,215
88,76,51,215
31,59,62,152
31,67,56,154
83,56,69,208
30,44,55,129
48,88,74,210
31,32,74,137
82,39,55,176
73,46,99,218
61,40,96,197
99,77,35,211
61,34,57,152
97,98,96,291
84,93,42,219
85,43,92,220
46,79,42,167
67,55,30,152
53,98,69,220
98,36,66,200
99,45,60,204
40,84,46,170
45,85,38,168
88,33,93,214
99,77,86,262
32,46,42,120
49,65,66,180
88,99,43,230
65,67,54,186
48,91,86,225
96,77,71,244
48,39,71,158
49,65,76,190
81,58,73,212
62,33,70,165
69,73,32,174
68,85,30,183
30,71,40,141
40,42,36,118
86,75,41,202
79,62,67,208
52,50,83,185
60,86,96,242
71,98,82,251
36,99,61,196
45,96,74,215
89,77,80,246
31,62,66,159
30,65,88,183
77,62,83,222
41,60,47,148
98,50,30,178
66,56,50,172
61,91,57,209
38,55,45,138
48,95,77,220
77,41,57,175
32,51,51,134
49,46,30,125
53,36,71,160
83,97,99,279
62,66,32,160
53,67,73,193
65,40,56,161
67,30,80,177
54,54,53,161
47,71,49,167
95,81,61,237
83,53,42,178
64,82,72,218
90,85,49,224
70,92,31,193
62,37,97,196
97,88,89,274
62,74,33,169
43,56,46,145
50,81,30,161
77,47,62,186
49,45,59,153
37,95,34,166
36,34,41,111
96,32,61,189
46,99,67,212
62,36,46,144
77,79,87,243
88,43,69,200
51,67,53,171
59,76,41,176
67,62,48,177
80,72,58,210
83,58,81,222
37,86,46,169
56,34,50,140
56,89,89,234
50,99,49,198
59,31,82,172
57,99,92,248
93,72,86,251
98,33,58,189
90,85,30,205
77,88,88,253
48,38,93,179
33,32,73,138
64,77,77,218
93,72,44,209
78,30,64,172
46,86,52,184
73,82,82,237
59,45,74,178
75,80,42,197
35,84,63,182
66,30,67,163
53,57,99,209
75,82,97,254
82,87,34,203
89,89,69,247
92,88,99,279
61,51,50,162
62,37,57,156
96,78,32,206
47,71,52,170
54,56,48,158
83,68,79,230
87,54,87,228
96,67,49,212
75,53,82,210
53,53,38,144
61,89,33,183
76,79,70,225
52,95,54,201
95,43,63,201
56,82,38,176
31,61,42,134
46,77,38,161
62,68,33,163
38,69,63,170
72,71,36,179
77,37,44,158
68,55,67,190
71,41,81,193
55,72,36,163
79,80,74,233
54,92,88,234
53,78,50,181
42,56,57,155
89,38,32,159
36,68,43,147
86,94,31,211
65,36,58,159
74,96,47,217
49,39,66,154
94,82,74,250
37,86,74,197
45,56,53,154
43,83,75,201
44,33,41,118
95,52,82,229
61,77,74,212
92,71,61,224
80,32,47,159
54,32,42,128
87,57,33,177
92,92,52,236
91,60,91,242
51,39,83,173
87,78,84,249
87,50,98,235
78,82,69,229
81,83,43,207
71,86,57,214
99,49,96,244
44,78,58,180
83,36,90,209
89,58,97,244
37,77,38,152
82,42,46,170
89,32,78,199
34,31,92,157
97,45,75,217
35,35,42,112
76,74,74,224
84,34,82,200
69,85,46,200
81,61,76,218
45,78,91,214
42,42,79,163
59,59,72,190
48,54,97,199
46,89,57,192
92,88,74,254
48,57,70,175
87,87,65,239
84,49,62,195
91,63,54,208
52,34,48,134
38,89,76,203
41,72,62,175
30,86,96,212
87,86,43,216
30,83,62,175
63,74,71,208
77,66,94,237
30,77,76,183
45,83,64,192
90,77,61,228
93,35,84,212
92,63,83,238
98,92,80,270
51,77,88,216
96,52,43,191
55,42,47,144
45,76,84,205
80,73,85,238
86,61,78,225
58,55,89,202
98,82,82,262
76,43,35,154
91,81,99,271
98,65,37,200
45,37,44,126
77,69,55,201
68,51,68,187
62,45,32,139
52,89,86,227
39,89,39,167
98,39,32,169
63,54,75,192
81,60,51,192
39,50,96,185
48,62,94,204
87,60,48,195
30,50,91,171
98,65,86,249
33,94,42,169
45,33,45,123
53,97,45,195
31,33,81,145
61,38,70,169
53,59,77,189
41,74,68,183
79,33,42,154
64,98,33,195
62,52,72,186
62,45,75,182
90,51,76,217
80,77,82,239
72,91,54,217
41,89,70,200
96,34,32,162
94,36,42,172
62,80,47,189
69,94,66,229
72,38,72,182
73,74,63,210
58,76,84,218
42,96,81,219
41,53,65,159
75,39,83,197
31,77,88,196
64,64,81,209
37,83,48,168
55,45,41,141
63,82,40,185
36,69,77,182
97,49,45,191
87,98,76,261
58,74,96,228
65,35,60,160
50,98,37,185
65,78,90,233
39,68,73,180
53,31,79,163
93,68,64,225
78,50,90,218
65,69,84,218
53,83,95,231
52,41,43,136
91,66,33,190
66,67,46,179
41,44,98,183
84,36,53,173
42,79,78,199
52,94,84,230
59,96,52,207
46,73,41,160
91,60,40,191
42,72,58,172
88,77,91,256
48,90,82,220
78,39,77,194
41,58,95,194
90,77,77,244
48,91,88,227
38,42,86,166
57,73,32,162
81,76,61,218
45,93,37,175
98,82,59,239
41,73,44,158
54,57,84,195
81,31,67,179
82,86,44,212
52,86,59,197
45,63,75,183
86,87,93,266
68,81,55,204
82,58,96,236
71,64,65,200
87,77,60,224
68,62,69,199
43,38,75,156
34,77,71,182
64,96,47,207
47,65,65,177
38,73,79,190
87,89,90,266
46,92,69,207
36,34,32,102
75,69,36,180
42,48,60,150
69,76,94,239
71,94,93,258
38,96,32,166
79,47,64,190
56,79,44,179
95,59,50,204
34,95,91,220
58,34,57,149
66,71,33,170
67,34,42,143
37,79,80,196
94,87,77,258
46,37,68,151
74,60,96,230
33,41,87,161
65,50,31,146
99,91,54,244
60,62,40,162
48,55,30,133
90,69,77,236
83,94,77,254
68,88,39,195
48,44,59,151
68,30,64,162
96,40,48,184
74,84,82,240
42,31,63,136
87,94,61,242
49,73,35,157
90,45,42,177
68,51,93,212
30,47,36,113
32,76,74,182
91,59,74,224
92,39,94,225
54,87,48,189
85,91,76,252
62,35,75,172
67,96,58,221
35,70,90,195
87,72,94,253
73,47,52,172
74,87,80,241
61,89,92,242
74,56,51,181
90,97,62,249
76,51,73,200
50,53,36,139
65,69,31,165
48,95,46,189
49,69,94,212
86,35,87,208
47,47,59,153
76,59,55,190
78,50,64,192
43,91,92,226
44,39,57,140
60,42,54,156
30,38,90,158
83,97,60,240
32,68,83,183
45,53,96,194
86,63,80,229
41,90,87,218
45,70,63,178
53,34,88,175
57,79,50,186
37,33,85,155
65,80,66,211
37,81,93,211
87,68,48,203
89,37,82,208
79,74,92,245
57,57,91,205
70,56,48,174
93,94,31,218
56,63,35,154
92,91,58,241
46,91,70,207
62,67,80,209
58,55,34,147
42,53,70,165
75,68,91,234
64,50,59,173
35,76,91,202
98,77,56,231
76,42,79,197
54,32,81,167
95,61,78,234
39,64,91,194
85,48,89,222
59,43,83,185
34,77,34,145
62,97,38,197
94,74,63,231
47,48,65,160
78,93,49,220
40,95,92,227
55,95,96,246
92,74,59,225
88,96,98,282
56,98,99,253
78,32,32,142
62,67,78,207
30,71,71,172
50,69,53,172
84,79,73,236
35,64,30,129
98,53,83,234
34,46,81,161
32,69,65,166
82,95,67,244
52,73,73,198
82,52,76,210
66,35,58,159
46,95,80,221
30,50,70,150
80,64,93,237
74,58,77,209
33,36,51,120
91,82,46,219
94,66,34,194
61,52,90,203
63,37,35,135
68,77,82,227
55,39,46,140
63,53,88,204
83,76,68,227
32,82,83,197
79,68,77,224
41,96,66,203
94,95,77,266
83,35,97,215
34,50,56,140
86,65,56,207
46,32,92,170
76,71,81,228
52,74,76,202
43,73,50,166
95,62,86,243
80,89,71,240
67,99,77,243
93,55,56,204
67,50,62,179
79,31,64,174
59,76,45,180
80,59,65,204
92,56,95,243
81,49,85,215
67,79,46,192
59,52,49,160
80,42,37,159
34,33,47,114
58,43,47,148
33,49,47,129
39,42,31,112
85,32,80,197
46,76,39,161
46,32,43,121
98,30,55,183
63,53,76,192
35,64,59,158
82,43,85,210
95,96,71,262
72,42,33,147
52,76,40,168
84,79,53,216
45,55,96,196
37,32,66,135
33,80,31,144
33,69,41,143
85,97,50,232
54,65,98,217
96,80,93,269
96,30,97,223
56,62,72,190
61,36,83,180
79,81,91,251
90,40,41,171
80,56,30,166
48,43,62,153
50,75,93,218
34,39,97,170
71,53,43,167
90,90,43,223
51,47,38,136
50,38,55,143
99,46,78,223
30,87,46,163
34,42,97,173
41,79,89,209
75,35,32,142
63,80,54,197
78,65,50,193
74,54,41,169
56,40,83,179
55,73,30,158
76,43,30,149
85,58,74,217
92,79,75,246
77,34,77,188
90,98,36,224
55,86,39,180
65,55,44,164
30,35,69,134
37,45,40,122
81,89,85,255
76,41,75,192
85,32,74,191
43,92,42,177
57,93,56,206
31,91,79,201
55,35,90,180
43,48,42,133
88,47,41,176
85,72,58,215
36,32,49,117
32,67,60,159
52,97,37,186
47,73,53,173
67,92,68,227
44,71,62,177
93,93,71,257
57,83,44,184
68,66,97,231
86,33,94,213
46,31,61,138
73,73,40,186
54,96,66,216
46,97,48,191
42,91,80,213
54,30,63,147
97,46,89,232
39,45,82,166
96,38,41,175
47,82,91,220
63,88,95,246
37,38,77,152
69,41,69,179
71,70,53,194
70,44,79,193
35,95,97,227
81,40,72,193
55,37,46,138
93,84,84,261
88,35,63,186
85,82,99,266
88,49,89,226
99,68,80,247
62,63,64,189
82,86,63,231
51,48,45,144
50,60,47,157
99,69,67,235
99,43,72,214
33,66,61,160
91,73,36,200
91,38,75,204
53,87,90,230
84,49,47,180
38,79,69,186
32,49,79,160
60,65,34,159
69,56,83,208
65,61,87,213
53,30,51,134
35,46,67,148
95,38,78,211
33,74,30,137
35,95,65,195
80,61,57,198
91,74,64,229
86,38,89,213
95,59,91,245
37,67,75,179
55,89,90,234
80,30,94,204
74,34,55,163
73,92,64,229
34,65,86,185
99,94,92,285
55,53,33,141
97,33,71,201
48,97,74,219
49,54,68,171
41,36,94,171
76,42,51,169
30,97,40,167
43,72,66,181
93,86,80,259
67,65,87,219
66,43,36,145
40,56,37,133
32,66,80,178
62,54,52,168
35,96,38,169
79,33,75,187
39,45,67,151
34,48,42,124
52,58,36,146
39,80,40,159
73,47,79,199
31,87,96,214
42,73,70,185
69,45,58,172
31,94,66,191
94,31,85,210
92,85,45,222
46,57,73,176
38,94,79,211
44,34,35,113
53,51,47,151
67,42,48,157
64,94,80,238
78,45,95,218
98,93,32,223
91,61,83,235
89,80,78,247
79,87,57,223
38,75,67,180
63,81,57,201
64,92,61,217
30,89,70,189
69,94,65,228
93,84,65,242
51,86,95,232
89,55,39,183
93,41,99,233
40,75,92,207
43,76,51,170
89,67,49,205
59,50,62,171
64,43,44,151
66,31,36,133
34,99,79,212
55,62,39,156
91,35,66,192
33,66,88,187
71,43,92,206
47,66,50,163
69,37,66,172
68,42,74,184
43,69,43,155
61,87,72,220
80,47,62,189
67,86,32,185
52,67,73,192
92,61,64,217
44,95,54,193
54,54,37,145
46,87,91,224
95,62,47,204
82,95,57,234
80,59,41,180
68,63,93,224
80,98,31,209
99,77,88,264
35,69,66,170
96,80,33,209
36,42,70,148
80,60,74,214
71,68,63,202
93,92,42,227
44,77,36,157
58,77,61,196
62,90,52,204
56,41,78,175
65,85,76,226
58,47,66,171
67,56,77,200
86,57,58,201
56,81,66,203
84,45,52,181
62,87,67,216
97,38,73,208
95,55,34,184
39,57,81,177
34,65,69,168
67,38,40,145
42,76,31,149
60,80,64,204
76,86,74,236
81,61,78,220
85,96,64,245
44,86,61,191
58,83,97,238
37,45,68,150
34,91,77,202
58,85,66,209
76,52,89,217
97,46,33,176
74,67,52,193
31,59,43,133
56,87,34,177
65,51,95,211
65,46,53,164
55,44,47,146
72,77,56,205
56,61,53,170
98,69,58,225
49,86,40,175
40,87,47,174
67,45,33,145
35,57,62,154
52,30,71,153
76,70,61,207
75,77,80,232
41,60,33,134
42,65,49,156
91,62,96,249
89,62,97,248
72,52,91,215
97,89,87,273
34,59,76,169
66,74,88,228
60,68,35,163
38,74,69,181
80,41,52,173
58,61,81,200
69,85,33,187
70,53,66,189
40,42,71,153
52,49,73,174
30,85,71,186
75,82,58,215
50,97,48,195
65,83,61,209
83,63,73,219
86,57,84,227
30,79,34,143
92,31,75,198
83,55,74,212
84,80,50,214
69,76,51,196
44,55,59,158
50,90,52,192
76,52,34,162
82,66,92,240
38,70,88,196
81,81,81,243
86,78,94,258
55,56,68,179
70,35,32,137
64,95,71,230
92,53,56,201
54,67,57,178
67,57,83,207
31,57,44,132
36,95,82,213
63,90,99,252
46,75,33,154
72,98,46,216
88,72,63,223
80,88,35,203
83,31,65,179
53,44,68,165
54,66,95,215
81,49,37,167
99,64,44,207
62,63,92,217
78,60,94,232
58,48,88,194
92,97,39,228
51,53,36,140
55,68,41,164
57,83,75,215
78,68,61,207
78,46,61,185
49,48,90,187
92,77,98,267
90,64,90,244
78,61,75,214
30,76,97,203
42,76,84,202
80,93,30,203
85,75,96,256
91,64,78,233
61,46,54,161
59,71,45,175
58,58,42,158
78,99,81,258
74,46,65,185
59,43,73,175
45,53,76,174
69,86,49,204
48,79,47,174
47,86,83,216
30,90,41,161
76,68,54,198
95,84,89,268
67,65,63,195
80,66,42,188
92,43,67,202
33,56,41,130
30,60,65,155
37,73,57,167
58,97,68,223
84,77,72,233
32,86,60,178
61,51,31,143
39,33,71,143
63,75,60,198
84,88,90,262
61,63,85,209
79,40,43,162
36,60,43,139
37,40,58,135
94,85,79,258
86,67,79,232
96,50,92,238
88,39,94,221
83,55,97,235
96,37,40,173
80,37,43,160
37,89,32,158
63,63,37,163
64,45,72,181
61,42,38,141
75,51,48,174
45,56,41,142
97,93,56,246
66,31,87,184
83,55,54,192
43,98,74,215
84,59,77,220
77,37,79,193
36,67,73,176
36,90,88,214
62,94,62,218
52,96,57,205
48,75,47,170
48,72,84,204
65,88,62,215
58,75,44,177
89,64,90,243
31,68,40,139
30,80,65,175
76,33,44,153
98,80,82,260
49,34,91,174
40,84,77,201
31,49,44,124
96,53,92,241
41,65,72,178
49,63,79,191
34,83,89,206
66,63,88,217
67,46,44,157
38,34,58,130
82,47,69,198
73,84,60,217
53,82,40,175
59,79,91,229
88,74,37,199
43,42,80,165
38,45,86,169
69,42,33,144
95,49,65,209
54,95,48,197
51,76,53,180
33,48,70,151
55,74,78,207
87,66,75,228
58,83,65,206
66,35,39,140
99,43,36,178
47,33,41,121
71,84,77,232
70,63,66,199
67,56,65,188
63,36,89,188
46,32,37,115
66,76,36,178
54,31,72,157
56,54,87,197
86,89,75,250
60,53,63,176
35,44,51,130
69,43,50,162
41,83,44,168
82,35,34,151
39,47,46,132
74,49,48,171
46,91,34,171
55,69,52,176
91,68,43,202
75,81,39,195
93,61,60,214
31,56,42,129
83,81,51,215
94,92,66,252
80,92,68,240
82,46,39,167
65,78,60,203
55,52,72,179
58,42,65,165
50,52,64,166
40,86,97,223
69,91,84,244
40,83,97,220
65,49,76,190
88,81,35,204
68,52,57,177
83,64,59,206
84,96,56,236
53,63,98,214
51,62,68,181
98,75,64,237
85,74,73,232
62,48,44,154
65,44,61,170
49,95,58,202
91,68,92,251
55,47,35,137
95,99,56,250
69,88,57,214
46,61,34,141
30,50,70,150
90,69,85,244
72,56,83,211
71,31,47,149
54,68,72,194
68,85,58,211
64,42,39,145
32,85,35,152
73,95,33,201
80,85,63,228
41,57,62,160
48,93,33,174
73,93,73,239
88,85,60,233
78,70,95,243
90,70,87,247
46,33,89,168
86,86,31,203
84,59,65,208
76,75,99,250
41,85,89,215
91,60,52,203
37,36,76,149
50,83,75,208
99,37,73,209
54,84,48,186
41,98,78,217
44,73,87,204
88,42,36,166
55,49,70,174
55,61,44,160
76,89,82,247
61,79,52,192
39,56,94,189
45,54,89,188
46,81,39,166
52,97,87,236
55,50,76,181
36,47,44,127
43,68,38,149
36,44,42,122
38,82,52,172
77,67,62,206
88,77,38,203
68,81,32,181
47,57,54,158
88,45,65,198
46,45,49,140
43,64,83,190
60,46,48,154
53,81,89,223
89,41,66,196
74,77,32,183
32,51,48,131
66,78,82,226
72,81,75,228
69,30,85,184
84,95,99,278
68,93,60,221
44,37,82,163
33,54,63,150
54,95,60,209
42,99,89,230
62,80,40,182
45,82,35,162
71,44,56,171
95,79,36,210
84,67,78,229
71,69,89,229
63,95,62,220
59,68,76,203
42,46,73,161
42,36,56,134
47,68,51,166
61,97,76,234
68,64,77,209
75,80,59,214
58,76,31,165
91,65,44,200
91,93,76,260
86,42,56,184
45,47,56,148
85,50,42,177
39,94,84,217
59,37,46,142
54,77,88,219
34,72,39,145
94,82,62,238
78,56,66,200
32,48,37,117
74,52,62,188
43,79,36,158
59,80,63,202
97,72,36,205
47,80,70,197
91,98,84,273
66,70,36,172
54,40,47,141
77,81,72,230
94,52,69,215
82,78,82,242
44,67,43,154
78,76,50,204
97,36,86,219
41,95,75,211
88,91,55,234
66,58,53,177
90,67,34,191
72,62,71,205
99,58,72,229
68,52,61,181
85,32,35,152
92,74,96,262
75,37,36,148
40,58,58,156
91,31,63,185
54,79,36,169
81,94,87,262
33,49,60,142
88,81,74,243
49,66,76,191
92,56,69,217
83,76,59,218
86,35,91,212
70,89,46,205
32,74,34,140
35,73,30,138
34,47,60,141
34,94,64,192
83,54,59,196
76,56,44,176
78,36,85,199
38,73,89,200
49,58,56,163
90,73,31,194
64,65,93,222
79,48,34,161
91,35,97,223
46,54,42,142
32,60,52,144
61,38,79,178
42,66,66,174
97,56,59,212
43,42,52,137
40,70,63,173
85,95,93,273
96,53,84,233
58,73,38,169
38,89,33,160
96,38,95,229
54,31,62,147
71,85,61,217
38,59,73,170
69,51,66,186
54,42,96,192
34,45,89,168
40,74,88,202
88,94,65,247
67,40,78,185
34,99,80,213
77,49,37,163
47,92,79,218
99,41,70,210
66,91,67,224
89,71,84,244
77,98,97,272
57,87,47,191
98,34,94,226
69,56,93,218
74,57,41,172
91,55,70,216
87,78,71,236
96,50,89,235
85,30,79,194
69,87,65,221
69,84,77,230
62,55,37,154
35,54,54,143
48,62,36,146
69,98,37,204
88,35,60,183
88,52,41,181
77,59,86,222
70,83,95,248
42,40,41,123
74,60,56,190
82,35,75,192
71,40,36,147
92,41,90,223
56,95,87,238
67,82,87,236
89,65,42,196
36,46,82,164
34,57,94,185
74,51,78,203
87,36,64,187
60,44,46,150
52,40,96,188
71,53,39,163
39,96,63,198
61,59,33,153
82,99,58,239
59,95,75,229
68,90,75,233
60,70,88,218
31,80,90,201
41,73,97,211
68,42,95,205
95,41,63,199
42,38,34,114
75,77,38,190
56,78,49,183
46,82,50,178
89,85,46,220
93,69,41,203
64,53,96,213
99,62,34,195
59,52,89,200
92,83,82,257
57,82,81,220
89,78,77,244
66,78,48,192
51,89,46,186
97,94,83,274
49,61,97,207
97,50,64,211
93,47,70,210
46,89,42,177
41,42,62,145
51,53,44,148
46,59,92,197
39,31,44,114
94,54,60,208
51,79,57,187
79,43,39,161
43,35,86,164
93,59,62,214
76,59,36,171
58,67,34,159
65,87,86,238
81,70,69,220
36,86,57,179
58,65,65,188
40,93,85,218
62,45,76,183
35,43,69,147
61,60,88,209
80,95,72,247
87,97,95,279
55,94,38,187
75,84,35,194
58,69,94,221
33,54,32,119
42,54,66,162
68,32,62,162
44,98,38,180
58,55,82,195
58,69,80,207
61,67,55,183
31,67,45,143
76,97,69,242
51,36,80,167
56,59,68,183
96,48,84,228
85,64,65,214
50,62,94,206
76,62,74,212
88,67,38,193
35,39,66,140
48,86,30,164
86,57,95,238
98,67,92,257
32,45,72,149
30,50,57,137
87,35,60,182
67,70,98,235
44,44,37,125
63,32,63,158
90,72,78,240
64,76,87,227
93,43,76,212
54,95,54,203
53,58,32,143
41,33,74,148
47,55,81,183
44,41,63,148
56,31,98,185
89,46,37,172
75,64,56,195
46,39,92,177
82,72,54,208
37,50,87,174
56,44,77,177
75,64,30,169
79,89,37,205
32,73,50,155
93,34,58,185
73,47,59,179
82,50,32,164
53,80,36,169
89,70,40,199
32,53,61,146
49,53,88,190
75,67,41,183
44,73,67,184
54,86,53,193
46,88,94,228
38,63,47,148
67,52,75,194
77,72,85,234
89,69,92,250
92,76,36,204
31,70,95,196
40,76,69,185
93,49,83,225
50,94,60,204
47,97,81,225
93,53,60,206
67,65,63,195
61,74,36,171
40,31,45,116
74,57,51,182
62,55,82,199
70,52,46,168
37,65,33,135
40,35,90,165
80,64,81,225
70,67,64,201
46,64,73,183
75,82,44,201
61,67,90,218
83,88,73,244
49,72,50,171
62,33,76,171
69,34,78,181
61,97,82,240
31,74,56,161
62,54,60,176
59,40,73,172
62,58,61,181
55,63,59,177
51,43,47,141
95,53,92,240
67,88,45,200
75,68,64,207
44,55,91,190
73,72,38,183
78,65,91,234
90,68,68,226
96,90,80,266
35,45,39,119
38,88,81,207
35,35,41,111
61,85,91,237
70,37,32,139
37,56,40,133
79,56,37,172
91,75,52,218
91,70,39,200
36,54,47,137
33,47,68,148
35,41,55,131
87,80,40,207
51,68,39,158
55,39,32,126
32,83,91,206
70,58,90,218
89,70,33,192
43,38,90,171
41,92,37,170
41,66,42,149
42,43,41,126
54,68,64,186
74,69,83,226
48,83,80,211
84,32,72,188
74,84,95,253
37,62,44,143
82,48,78,208
84,63,63,210
61,79,68,208
80,76,55,211
73,75,98,246
99,85,77,261
47,86,80,213
51,80,33,164
66,83,56,205
85,57,71,213
88,48,85,221
32,56,98,186
57,77,47,181
64,48,90,202
90,80,33,203
83,36,30,149
92,58,79,229
36,72,99,207
78,98,49,225
60,87,49,196
87,37,75,199
90,71,56,217
53,71,55,179
49,42,61,152
66,55,39,160
33,47,41,121
49,71,53,173
89,80,80,249
53,45,67,165
79,32,75,186
78,74,37,189
80,51,84,215
65,52,60,177
95,88,45,228
63,91,49,203
65,97,67,229
35,83,44,162
68,86,63,217
71,52,48,171
87,89,98,274
41,84,92,217
32,92,61,185
47,85,66,198
69,84,95,248
50,54,36,140
44,55,77,176
55,78,40,173
37,92,60,189
71,74,73,218
73,68,74,215
43,94,85,222
31,98,61,190
66,85,50,201
98,38,60,196
67,99,30,196
70,57,40,167
91,74,97,262
89,55,65,209
43,57,88,188
31,69,96,196
99,44,85,228
46,35,80,161
57,56,58,171
95,67,31,193
64,97,35,196
34,93,60,187
94,59,83,236
69,32,69,170
85,91,46,222
65,41,34,140
74,59,31,164
52,67,87,206
76,89,41,206
60,67,34,161
40,44,89,173
39,47,70,156
96,81,49,226
43,58,30,131
39,89,85,213
30,50,99,179
34,46,85,165
49,47,83,179
37,86,40,163
72,66,32,170
30,89,57,176
86,67,34,187
93,41,45,179
57,30,60,147
66,87,57,210
76,32,36,144
66,92,38,196
78,50,68,196
73,52,72,197
85,38,56,179
57,84,62,203
35,48,85,168
90,91,31,212
49,68,43,160
31,56,42,129
66,75,53,194
49,63,98,210
55,62,63,180
58,79,48,185
30,49,59,138
64,69,78,211
99,87,72,258
88,60,45,193
98,67,81,246
62,74,78,214
80,70,40,190
41,38,76,155
49,38,64,151
82,92,58,232
72,51,83,206
79,45,52,176
58,61,53,172
86,95,39,220
68,43,90,201
85,67,37,189
72,37,77,186
79,50,58,187
52,85,55,192
73,75,66,214
67,72,81,220
52,75,67,194
74,77,35,186
81,99,37,217
79,60,46,185
37,62,91,190
30,73,63,166
37,37,48,122
58,31,99,188
34,46,66,146
76,81,67,224
63,74,44,181
94,66,69,229
84,71,38,193
72,73,82,227
59,67,99,225
46,35,95,176
55,97,81,233
37,80,30,147
76,64,59,199
75,87,30,192
97,86,68,251
62,35,45,142
30,42,46,118
48,88,51,187
60,59,60,179
43,31,69,143
82,87,56,225
77,65,65,207
98,74,33,205
91,38,98,227
95,94,54,243
93,79,59,231
99,61,76,236
92,72,41,205
62,83,56,201
70,76,74,220
77,43,92,212
42,77,84,203
60,84,59,203
97,58,43,198
33,76,85,194
48,92,48,188
99,48,55,202
42,38,67,147
52,66,98,216
30,81,65,176
83,86,47,216
44,57,86,187
94,65,52,211
44,93,43,180
50,47,98,195
48,64,51,163
89,97,57,243
62,68,72,202
78,37,47,162
64,44,65,173
73,36,36,145
40,46,52,138
95,93,63,251
75,41,50,166
38,85,99,222
32,75,76,183
55,76,82,213
77,45,70,192
95,98,61,254
99,31,43,173
57,83,46,186
55,56,54,165
54,60,93,207
41,70,77,188
34,65,64,163
77,76,66,219
66,72,84,222
73,94,46,213
44,79,57,180
72,30,30,132
77,86,82,245
99,45,84,228
75,57,90,222
72,51,42,165
50,70,76,196
52,48,93,193
76,79,61,216
44,88,57,189
54,98,82,234
65,63,60,188
80,68,37,185
44,36,54,134
97,81,62,240
50,89,97,236
42,81,36,159
48,53,95,196
63,55,75,193
97,39,34,170
81,46,46,173
56,31,81,168
58,56,41,155
57,77,91,225
64,38,64,166
37,52,91,180
45,56,50,151
65,72,95,232
59,36,82,177
47,92,50,189
31,73,44,148
78,68,52,198
33,69,60,162
36,36,83,155
68,99,84,251
42,54,55,151
60,88,82,230
92,42,95,229
85,91,68,244
71,37,36,144
90,74,68,232
71,47,61,179
85,89,55,229
65,89,58,212
97,31,54,182
36,95,85,216
83,43,60,186
30,77,95,202
73,85,31,189
74,41,76,191
76,84,58,218
42,57,78,177
51,33,61,145
50,65,59,174
38,79,44,161
55,32,91,178
38,30,46,114
44,46,51,141
39,91,59,189
71,77,45,193
53,91,81,225
78,98,37,213
55,48,93,196
66,63,68,197
97,78,60,235
79,76,41,196
53,79,62,194
48,55,87,190
89,85,41,215
68,43,54,165
47,54,67,168
48,33,77,158
65,61,84,210
84,94,32,210
98,90,98,286
76,49,64,189
78,39,80,197
62,63,56,181
50,90,66,206
51,56,45,152
77,69,54,200
66,94,62,222
44,62,91,197
64,97,46,207
61,38,72,171
40,45,59,144
39,34,70,143
86,52,33,171
54,72,95,221
31,86,89,206
93,80,38,211
64,42,60,166
36,53,98,187
47,40,53,140
96,81,53,230
71,46,74,191
68,66,66,200
70,42,87,199
53,91,52,196
89,37,64,190
75,85,92,252
48,99,35,182
97,73,35,205
71,89,59,219
61,70,30,161
68,50,92,210
65,71,37,173
65,58,57,180
32,94,62,188
37,46,82,165
99,59,67,225
70,55,81,206
97,82,40,219
42,48,31,121
78,82,82,242
89,46,97,232
31,75,36,142
89,82,96,267
34,93,38,165
73,74,92,239
56,78,40,174
61,48,66,175
50,94,43,187
37,66,48,151
79,99,37,215
96,55,36,187
73,31,88,192
87,88,92,267
32,34,36,102
99,66,84,249
31,60,32,123
73,77,96,246
31,35,47,113
64,44,74,182
59,44,65,168
37,90,45,172
51,45,58,154
73,49,88,210
87,73,47,207
65,71,78,214
98,75,75,248
60,63,58,181
76,93,99,268
84,58,79,221
91,32,84,207
59,38,56,153
84,54,36,174
45,71,70,186
41,75,40,156
46,88,34,168
45,50,95,190
41,51,85,177
37,58,41,136
32,92,71,195
45,90,39,174
59,93,57,209
52,98,36,186
34,69,43,146
94,30,98,222
59,94,90,243
50,91,80,221
99,83,71,253
51,89,37,177
61,75,79,215
62,34,30,126
45,51,98,194
67,82,40,189
43,99,77,219
65,61,39,165
52,40,44,136
95,39,76,210
31,68,54,153
94,60,35,189
96,41,40,177
81,67,46,194
91,96,44,231
52,95,45,192
55,81,85,221
97,34,95,226
84,40,65,189
35,54,67,156
64,64,32,160
51,64,47,162
72,51,83,206
44,66,46,156
89,84,42,215
41,93,92,226
78,49,43,170
71,33,88,192
67,47,65,179
74,80,47,201
64,97,34,195
59,49,43,151
59,38,54,151
35,55,73,163
96,54,68,218
36,97,41,174
81,70,90,241
43,88,91,222
44,74,82,200
50,70,82,202
64,67,57,188
95,48,64,207
31,43,94,168
64,50,32,146
49,44,72,165
39,32,79,150
54,66,38,158
95,75,65,235
54,45,52,151
83,43,79,205
62,38,84,184
65,36,41,142
43,43,61,147
94,35,53,182
83,44,96,223
81,81,56,218
32,63,90,185
70,30,48,148
35,98,80,213
54,49,93,196
42,36,31,109
37,36,65,138
50,79,40,169
97,31,97,225
54,76,97,227
97,43,93,233
74,60,30,164
89,79,55,223
41,90,40,171
61,70,31,162
42,43,69,154
60,34,33,127
49,34,66,149
47,93,90,230
89,58,34,181
92,34,44,170
35,65,96,196
61,48,55,164
72,93,35,200
31,51,73,155
89,63,87,239
52,85,75,212
60,46,71,177
34,85,77,196
63,46,56,165
39,47,49,135
31,74,99,204
40,85,64,189
79,79,77,235
60,87,96,243
85,47,97,229
38,36,81,155
50,39,97,186
57,98,33,188
91,32,68,191
36,73,50,159
45,99,95,239
33,43,45,121
33,33,36,102
69,47,38,154
46,81,46,173
81,67,41,189
81,49,86,216
65,73,74,212
67,80,40,187
79,48,42,169
92,97,60,249
92,95,55,242
91,42,92,225
36,91,60,187
56,90,51,197
43,59,35,137
34,59,49,142
84,80,39,203
31,77,64,172
91,62,55,208
50,48,66,164
50,86,37,173
39,48,34,121
87,70,73,230
68,71,96,235
34,81,78,193
94,33,65,192
42,33,55,130
82,34,74,190
74,70,90,234
61,90,73,224
65,84,33,182
89,42,87,218
40,43,55,138
92,89,58,239
50,54,38,142
81,73,65,219
84,39,33,156
55,79,88,222
97,73,66,236
63,43,42,148
81,44,49,174
81,45,46,172
58,31,80,169
67,59,84,210
71,59,62,192
50,60,50,160
71,49,51,171
42,78,54,174
93,64,96,253
46,52,41,139
38,90,44,172
70,84,31,185
30,96,33,159
31,37,74,142
89,69,42,200
77,88,84,249
58,61,61,180
39,36,51,126
87,31,84,202
89,35,46,170
50,65,99,214
57,61,80,198
63,74,37,174
37,71,90,198
88,82,39,209
78,38,48,164
46,78,43,167
89,31,96,216
74,96,84,254
98,40,90,228
61,79,85,225
73,64,92,229
94,44,40,178
37,60,76,173
72,91,35,198
30,57,63,150
80,54,94,228
53,54,93,200
53,30,95,178
46,88,60,194
34,98,91,223
49,71,83,203
50,63,37,150
87,95,71,253
60,47,70,177
40,34,88,162
81,49,69,199
44,95,51,190
36,91,53,180
57,61,67,185
80,87,31,198
87,79,70,236
34,67,48,149
34,84,31,149
37,57,91,185
93,51,45,189
39,72,51,162
67,65,43,175
37,81,85,203
54,65,94,213
95,57,74,226
79,87,83,249
96,65,95,256
78,99,75,252
65,38,62,165
97,50,79,226
70,93,51,214
91,90,69,250
39,69,68,176
50,85,70,205
65,33,97,195
41,60,36,137
31,56,33,120
42,87,88,217
82,54,55,191
61,98,60,219
45,99,98,242
61,34,81,176
61,37,50,148
40,38,45,123
39,44,80,163
44,36,45,125
46,44,47,137
69,66,76,211
47,68,85,200
84,35,57,176
54,86,85,225
88,48,66,202
51,92,45,188
59,60,94,213
73,39,89,201
61,96,90,247
80,91,40,211
75,32,95,202
50,47,61,158
61,54,48,163
68,49,85,202
41,87,34,162
76,79,32,187
47,39,57,143
50,50,58,158
42,58,88,188
50,39,54,143
37,42,51,130
75,76,52,203
36,52,99,187
52,79,69,200
51,33,43,127
51,96,58,205
58,82,45,185
42,31,39,112
31,97,76,204
58,94,33,185
81,86,41,208
56,99,71,226
79,36,33,148
52,48,35,135
73,73,43,189
51,92,64,207
72,94,76,242
66,68,87,221
90,55,94,239
85,73,48,206
32,41,86,159
92,51,94,237
48,43,42,133
52,59,37,148
58,73,47,178
59,67,64,190
68,88,55,211
54,71,67,192
37,81,95,213
87,92,55,234
45,90,86,221
30,63,54,147
34,68,59,161
32,70,36,138
94,66,56,216
33,94,40,167
93,61,37,191
39,37,40,116
50,47,59,156
75,74,44,193
56,62,85,203
95,34,64,193
70,65,68,203
42,52,53,147
38,69,37,144
65,34,72,171
87,63,71,221
83,53,70,206
41,46,76,163
43,51,55,149
63,44,81,188
82,44,51,177
49,54,34,137
45,82,44,171
99,50,65,214
85,95,92,272
87,61,78,226
33,50,84,167
33,97,89,219
49,73,86,208
39,95,58,192
53,43,48,144
55,44,39,138
66,49,39,154
83,63,86,232
50,65,83,198
67,38,85,190
75,59,97,231
33,92,98,223
89,64,84,237
86,42,98,226
74,75,30,179
49,85,41,175
46,38,64,148
33,65,62,160
43,32,54,129
32,48,45,125
87,57,37,181
84,52,64,200
33,36,75,144
53,43,40,136
63,75,90,228
59,44,73,176
48,96,40,184
60,44,40,144
89,80,51,220
89,37,91,217
48,98,77,223
78,91,92,261
92,80,80,252
51,92,74,217
53,97,62,212
59,45,89,193
87,53,31,171
60,35,42,137
93,86,95,274
48,60,86,194
77,35,72,184
74,58,74,206
84,96,60,240
84,32,39,155
47,57,52,156
92,77,58,227
76,39,60,175
86,62,47,195
74,96,40,210
62,98,76,236
46,41,32,119
99,86,31,216
33,73,83,189
49,42,60,151
76,53,37,166
44,73,72,189
99,86,77,262
76,45,31,152
38,50,51,139
45,80,34,159
98,50,36,184
90,89,49,228
39,80,31,150
79,50,61,190
32,35,32,99
99,94,70,263
80,87,71,238
48,35,74,157
71,94,46,211
64,63,76,203
75,85,98,258
55,32,53,140
98,71,63,232
93,91,79,263
66,35,71,172
78,35,62,175
50,92,56,198
93,49,88,230
34,50,48,132
99,31,32,162
33,85,54,172
68,39,44,151
64,99,89,252
30,52,52,134
53,59,40,152
86,66,88,240
99,84,63,246
70,78,36,184
83,63,73,219
75,73,93,241
89,51,52,192
89,60,87,236
86,36,49,171
60,50,56,166
53,45,89,187
65,49,37,151
59,72,96,227
53,73,31,157
59,76,51,186
36,48,99,183
64,77,65,206
84,98,53,235
43,40,41,124
39,58,51,148
45,74,52,171
83,97,92,272
99,65,59,223
73,77,48,198
74,44,55,173
85,73,40,198
86,96,49,231
50,69,85,204
97,43,74,214
79,92,97,268
62,80,76,218
36,87,87,210
99,44,39,182
44,94,51,189
61,84,53,198
49,39,95,183
44,71,90,205
77,40,36,153
50,45,67,162
71,48,50,169
55,60,37,152
43,82,57,182
86,37,83,206
66,53,60,179
87,37,70,194
50,77,66,193
98,59,67,224
32,87,80,199
66,84,66,216
78,91,60,229
48,77,91,216
41,33,47,121
90,66,35,191
70,37,38,145
62,30,40,132
79,99,31,209
97,76,58,231
62,34,80,176
53,79,98,230
90,53,52,195
90,76,36,202
57,47,85,189
87,57,91,235
72,34,44,150
70,59,82,211
68,30,72,170
78,75,64,217
46,98,43,187
99,60,98,257
99,99,78,276
94,85,47,226
34,57,80,171
31,45,30,106
51,83,56,190
86,82,93,261
95,41,89,225
45,49,70,164
80,63,50,193
68,82,43,193
69,93,49,211
67,52,40,159
89,56,95,240
88,46,53,187
39,77,66,182
93,50,53,196
92,79,44,215
78,69,41,188
93,32,93,218
61,46,60,167
36,90,82,208
50,79,73,202
49,35,59,143
55,57,64,176
97,84,50,231
44,87,92,223
43,74,46,163
56,48,41,145
69,58,47,174
87,52,89,228
57,61,96,214
55,39,44,138
92,78,45,215
95,94,51,240
54,58,92,204
32,88,60,180
73,74,30,177
71,96,35,202
35,80,38,153
68,40,81,189
81,35,91,207
52,96,87,235
79,91,48,218
72,34,42,148
48,38,61,147
98,57,38,193
80,67,78,225
40,72,66,178
41,50,60,151
37,91,60,188
53,75,88,216
70,99,84,253
65,67,48,180
84,78,92,254
38,68,31,137
76,59,74,209
44,50,72,166
77,30,30,137
71,61,90,222
89,37,32,158
99,98,73,270
41,59,36,136
31,37,62,130
36,48,38,122
32,88,59,179
32,84,47,163
56,59,85,200
69,65,60,194
62,84,92,238
30,73,79,182
37,56,30,123
61,83,48,192
77,77,93,247
33,59,82,174
99,68,35,202
48,42,46,136
61,45,75,181
38,73,84,195
41,56,35,132
40,74,99,213
75,64,97,236
45,57,69,171
30,36,95,161
92,91,38,221
50,80,40,170
59,75,49,183
42,49,72,163
63,67,87,217
33,90,55,178
57,61,67,185
88,55,65,208
56,87,84,227
98,68,35,201
54,49,32,135
32,79,94,205
97,81,93,271
54,51,87,192
49,82,87,218
63,95,47,205
55,72,52,179
34,52,58,144
90,93,52,235
38,38,65,141
79,36,99,214
35,70,35,140
89,83,63,235
73,94,73,240
40,31,73,144
95,33,56,184
76,61,81,218
32,31,71,134
59,93,54,206
50,43,68,161
57,49,68,174
91,78,41,210
62,37,40,139
64,92,32,188
81,75,51,207
63,50,33,146
70,61,37,168
80,37,43,160
76,45,43,164
87,69,45,201
86,56,61,203
52,47,93,192
77,64,45,186
51,81,81,213
46,44,48,138
98,92,98,288
40,82,41,163
44,95,34,173
64,60,71,195
62,90,46,198
45,93,39,177
63,63,45,171
95,84,45,224
69,88,71,228
57,32,32,121
76,46,52,174
68,75,57,200
99,67,74,240
49,64,97,210
30,30,53,113
92,58,48,198
96,33,69,198
33,90,75,198
87,46,69,202
54,57,91,202
76,79,47,202
67,37,41,145
44,63,43,150
92,88,90,270
50,47,41,138
86,88,56,230
82,56,35,173
75,45,62,182
43,39,79,161
46,51,41,138
68,45,86,199
38,41,82,161
35,80,42,157
52,30,32,114
88,56,93,237
75,96,87,258
67,41,33,141
43,59,74,176
91,38,95,224
64,82,65,211
48,90,52,190
59,83,48,190
54,66,69,189
69,94,45,208
43,71,87,201
55,78,47,180
51,33,65,149
77,93,53,223
80,80,30,190
32,89,30,151
71,60,93,224
48,87,91,226
57,33,65,155
74,51,47,172
92,32,45,169
48,76,46,170
76,67,53,196
43,62,97,202
67,77,31,175
82,94,39,215
90,55,82,227
65,37,80,182
69,79,98,246
59,67,43,169
38,39,95,172
93,71,82,246
62,66,93,221
81,55,78,214
43,41,91,175
82,78,66,226
88,43,78,209
70,75,97,242
97,64,62,223
97,58,51,206
37,41,99,177
31,73,62,166
70,95,57,222
84,31,33,148
45,88,95,228
91,46,78,215
77,39,40,156
59,47,64,170
41,51,68,160
64,87,39,190
40,82,98,220
93,30,52,175
79,90,63,232
50,60,61,171
98,60,45,203
77,95,97,269
49,48,83,180
96,82,57,235
73,51,89,213
62,52,89,203
90,44,73,207
38,55,31,124
97,32,52,181
64,49,75,188
94,69,83,246
37,68,38,143
74,47,99,220
76,70,73,219
69,99,41,209
83,56,61,200
75,44,63,182
76,66,62,204
44,87,93,224
48,34,77,159
55,36,45,136
81,70,79,230
51,39,52,142
50,91,55,196
80,55,83,218
67,97,73,237
49,53,66,168
58,70,38,166
80,94,42,216
33,46,89,168
84,53,31,168
57,56,89,202
33,36,86,155
51,41,72,164
74,32,48,154
96,39,40,175
95,62,76,233
63,75,92,230
84,88,36,208
30,81,60,171
67,35,84,186
35,31,54,120
54,58,59,171
46,69,65,180
90,90,79,259
41,97,43,181
35,97,58,190
56,58,56,170
37,91,79,207
94,89,65,248
86,70,63,219
69,94,50,213
43,93,67,203
64,92,79,235
77,77,66,220
85,49,48,182
78,66,30,174
42,93,69,204
90,34,84,208
78,63,55,196
75,68,72,215
91,96,88,275
37,91,80,208
72,53,44,169
49,32,37,118
68,96,43,207
78,79,36,193
93,58,47,198
91,61,41,193
83,68,31,182
38,38,79,155
66,43,50,159
78,97,36,211
70,93,41,204
46,49,86,181
50,57,52,159
80,43,59,182
88,73,87,248
68,68,81,217
84,57,85,226
70,93,39,202
68,61,48,177
42,38,48,128
93,57,88,238
40,46,73,159
48,84,88,220
40,39,33,112
75,35,94,204
74,77,42,193
30,96,96,222
69,70,41,180
48,89,84,221
90,71,90,251
41,57,70,168
90,42,65,197
62,44,31,137
74,65,51,190
98,44,51,193
37,85,70,192
54,33,43,130
75,81,64,220
59,39,79,177
76,74,38,188
78,58,88,224
76,82,85,243
47,58,39,144
95,52,54,201
97,86,74,257
62,79,40,181
65,50,38,153
48,72,36,156
57,39,63,159
69,59,49,177
44,80,34,158
70,62,84,216
68,47,44,159
31,51,77,159
92,93,33,218
58,50,50,158
95,30,38,163
80,44,95,219
39,65,64,168
43,76,80,199
80,83,66,229
68,61,35,164
57,87,80,224
32,75,95,202
99,83,46,228
56,62,94,212
31,68,38,137
67,52,42,161
32,72,87,191
45,84,59,188
69,31,60,160
31,95,52,178
70,67,92,229
41,58,57,156
64,96,88,248
94,65,39,198
84,58,55,197
74,66,46,186
91,74,69,234
78,45,97,220
54,60,52,166
52,63,64,179
53,79,38,170
67,94,74,235
57,91,66,214
50,72,98,220
83,85,48,216
47,44,56,147
65,77,42,184
74,78,86,238
82,73,89,244
59,39,41,139
89,49,38,176
61,99,56,216
96,37,92,225
96,74,58,228
57,63,51,171
73,80,48,201
70,33,67,170
92,68,68,228
52,53,44,149
77,84,83,244
61,55,61,177
86,54,75,215
62,65,90,217
53,87,81,221
68,41,63,172
63,30,64,157
85,79,99,263
57,54,66,177
66,34,90,190
36,97,78,211
97,35,38,170
66,55,48,169
85,84,57,226
94,68,55,217
94,38,67,199
76,74,69,219
49,43,54,146
48,84,98,230
58,38,52,148
89,44,94,227
47,66,51,164
64,79,93,236
72,50,97,219
40,86,87,213
78,48,57,183
67,87,97,251
93,35,33,161
98,33,30,161
37,72,55,164
63,71,62,196
77,32,56,165
85,30,71,186
94,84,98,276
60,44,93,197
33,76,54,163
79,75,33,187
98,87,41,226
59,68,87,214
88,32,40,160
96,59,88,243
74,64,65,203
33,86,51,170
55,58,94,207
56,79,79,214
75,91,33,199
93,81,81,255
80,43,72,195
79,64,75,218
35,57,33,125
88,87,42,217
44,59,67,170
59,36,74,169
71,68,54,193
66,98,96,260
71,64,84,219
64,81,68,213
35,43,94,172
97,92,31,220
47,65,98,210
58,53,91,202
88,69,75,232
76,58,60,194
46,82,64,192
51,51,74,176
97,44,83,224
98,98,98,294
66,93,58,217
78,33,37,148
42,47,83,172
63,71,36,170
82,59,52,193
80,44,61,185
32,99,91,222
71,84,74,229
61,82,97,240
80,45,59,184
75,63,68,206
50,56,34,140
73,42,96,211
40,56,51,147
97,98,57,252
30,60,51,141
92,32,58,182
53,59,72,184
42,50,71,163
40,35,89,164
80,61,97,238
46,71,88,205
53,91,35,179
48,61,57,166
66,68,60,194
37,93,68,198
57,59,79,195
34,92,66,192
46,60,44,150
65,69,80,214
48,62,99,209
93,92,52,237
40,54,54,148
83,65,75,223
74,53,52,179
76,87,39,202
41,68,61,170
50,75,80,205
40,39,70,149
34,61,94,189
85,65,94,244
49,57,69,175
70,45,47,162
75,45,65,185
41,47,60,148
99,37,83,219
46,99,92,237
48,30,30,108
55,91,81,227
77,67,86,230
81,74,38,193
99,87,85,271
84,30,76,190
62,61,32,155
91,37,31,159
52,69,83,204
44,85,66,195
56,92,85,233
93,65,60,218
80,86,41,207
82,74,87,243
80,31,96,207
76,97,55,228
33,79,41,153
36,58,45,139
64,39,82,185
77,56,78,211
74,44,78,196
48,89,36,173
92,60,44,196
67,50,65,182
96,89,44,229
88,87,91,266
98,70,47,215
42,75,75,192
76,74,90,240
90,55,72,217
60,80,73,213
51,65,95,211
72,81,84,237
96,80,68,244
83,32,34,149
39,43,86,168
71,78,44,193
93,30,45,168
50,86,86,222
95,46,54,195
70,79,51,200
53,43,60,156
64,88,63,215
85,32,45,162
59,69,99,227
86,95,88,269
76,63,44,183
64,38,42,144
48,50,53,151
37,54,42,133
55,73,94,222
59,54,65,178
36,38,78,152
96,91,77,264
94,55,72,221
65,86,35,186
54,66,97,217
66,45,43,154
30,66,59,155
44,53,37,134
66,55,83,204
42,49,95,186
37,38,33,108
34,58,89,181
89,60,82,231
30,48,44,122
65,49,30,144
64,56,51,171
95,73,44,212
92,64,51,207
52,51,79,182
38,44,77,159
63,42,80,185
75,33,46,154
33,85,80,198
59,52,66,177
32,63,78,173
43,46,88,177
89,57,39,185
74,43,59,176
63,63,50,176
74,86,63,223
90,84,79,253
45,95,76,216
95,66,35,196
69,97,79,245
46,55,92,193
63,90,41,194
45,96,70,211
89,81,60,230
95,47,31,173
95,82,45,222
42,92,30,164
85,82,33,200
60,56,76,192
63,60,94,217
68,30,81,179
96,35,76,207
37,40,79,156
84,63,74,221
56,92,71,219
82,82,85,249
68,47,86,201
94,50,62,206
46,48,57,151
59,33,73,165
82,58,85,225
42,54,73,169
50,85,63,198
48,92,43,183
82,56,97,235
48,89,58,195
86,78,46,210
54,94,38,186
60,67,56,183
84,81,78,243
52,30,66,148
61,69,57,187
91,50,79,220
39,44,84,167
83,79,33,195
81,77,48,206
49,61,66,176
61,78,33,172
43,97,66,206
79,74,80,233
57,61,61,179
82,33,74,189
53,94,41,188
51,94,70,215
59,47,85,191
92,83,43,218
33,76,83,192
88,35,92,215
37,95,94,226
41,38,87,166
60,97,50,207
63,52,33,148
78,72,75,225
86,80,41,207
55,54,59,168
47,64,89,200
67,46,94,207
79,47,43,169
37,56,73,166
70,44,55,169
35,98,45,178
98,44,36,178
73,71,61,205
93,63,45,201
58,77,91,226
57,37,59,153
40,39,41,120
94,34,96,224
48,77,75,200
38,55,72,165
56,52,84,192
63,91,74,228
73,42,89,204
97,38,61,196
44,49,37,130
80,86,91,257
42,53,49,144
78,62,47,187
99,49,35,183
85,89,58,232
80,77,33,190
66,93,72,231
46,59,63,168
87,46,62,195
58,43,44,145
62,48,69,179
89,88,34,211
84,96,79,259
39,73,95,207
76,61,83,220
52,40,75,167
50,31,40,121
42,97,78,217
62,46,52,160
53,69,84,206
40,75,34,149
46,33,93,172
97,67,64,228
76,92,98,266
54,58,83,195
50,48,32,130
41,58,35,134
66,64,85,215
71,99,31,201
46,52,67,165
77,75,85,237
57,73,34,164
70,77,75,222
76,81,40,197
47,37,94,178
42,84,39,165
42,95,70,207
60,69,73,202
31,60,62,153
45,77,85,207
38,90,41,169
67,81,31,179
83,67,30,180
85,65,94,244
74,84,62,220
63,42,65,170
38,66,50,154
37,76,65,178
36,51,55,142
65,68,76,209
47,87,30,164
32,59,67,158
57,47,43,147
99,47,75,221
73,68,71,212
50,55,36,141
57,36,84,177
83,98,85,266
83,94,92,269
94,75,53,222
50,47,33,130
42,42,71,155
86,54,99,239
78,37,57,172
83,61,69,213
39,46,80,165
82,77,58,217
73,92,71,236
76,69,98,243
82,44,34,160
75,35,70,180
42,92,90,224
66,37,84,187
53,61,57,171
31,74,70,175
43,81,38,162
39,42,58,139
64,53,67,184
54,69,91,214
32,43,83,158
46,99,81,226
41,91,63,195
83,90,66,239
53,30,78,161
58,95,71,224
72,61,43,176
54,42,62,158
89,62,46,197
94,61,61,216
57,85,97,239
45,53,68,166
76,33,39,148
87,52,53,192
56,58,87,201
82,50,98,230
71,59,93,223
88,49,48,185
76,45,37,158
63,96,69,228
66,78,42,186
35,87,56,178
36,73,31,140
54,54,45,153
62,52,43,157
84,88,46,218
87,30,89,206
36,44,99,179
86,81,46,213
41,87,74,202
45,70,67,182
72,73,93,238
36,33,35,104
80,97,89,266
61,36,78,175
37,75,50,162
74,38,52,164
88,62,86,236
33,62,93,188
96,33,58,187
58,94,56,208
58,63,35,156
57,93,50,200
73,54,70,197
33,84,34,151
38,38,44,120
34,46,50,130
85,50,87,222
79,89,33,201
44,42,98,184
61,32,36,129
57,97,64,218
51,33,65,149
46,36,44,126
88,55,31,174
86,53,86,225
55,39,34,128
54,42,61,157
39,73,70,182
74,68,71,213
40,48,94,182
82,80,69,231
97,48,67,212
57,81,71,209
94,76,66,236
78,59,85,222
76,75,84,235
81,50,83,214
83,77,51,211
89,91,56,236
86,87,76,249
76,47,67,190
60,88,68,216
75,77,44,196
55,92,95,242
34,41,90,165
81,63,89,233
83,90,37,210
62,82,73,217
79,54,72,205
67,91,35,193
56,33,56,145
44,42,74,160
90,71,52,213
50,78,42,170
75,85,97,257
98,76,93,267
35,37,54,126
67,84,81,232
91,47,77,215
91,64,90,245
75,61,46,182
42,53,69,164
32,36,98,166
35,42,55,132
37,98,85,220
73,71,69,213
62,60,97,219
79,55,37,171
40,61,74,175
57,81,46,184
99,49,70,218
70,69,38,177
45,88,99,232
97,43,53,193
77,73,40,190
85,77,64,226
93,72,58,223
88,45,37,170
91,64,46,201
40,82,41,163
47,63,79,189
48,32,53,133
84,97,66,247
55,34,40,129
35,39,88,162
33,81,84,198
58,58,56,172
88,60,96,244
46,95,89,230
72,98,31,201
95,66,97,258
63,56,47,166
37,62,49,148
42,97,92,231
37,88,31,156
94,93,71,258
72,73,57,202
68,78,58,204
88,82,98,268
73,78,57,208
38,95,89,222
66,92,34,192
65,54,44,163
57,33,61,151
71,80,81,232
72,40,66,178
71,46,44,161
95,95,70,260
84,99,33,216
77,98,82,257
51,58,56,165
56,49,50,155
96,56,89,241
42,37,93,172
74,90,76,240
39,57,83,179
38,99,60,197
83,32,46,161
56,98,79,233
63,36,36,135
30,89,57,176
61,33,39,133
96,34,56,186
49,40,42,131
64,44,95,203
46,93,89,228
47,42,72,161
74,36,98,208
82,35,92,209
97,85,99,281
94,93,94,281
30,79,96,205
87,59,83,229
55,51,65,171
49,54,44,147
39,57,47,143
88,68,33,189
70,96,40,206
34,34,35,103
94,94,80,268
46,44,87,177
51,96,89,236
70,69,47,186
97,98,96,291
98,72,46,216
40,30,63,133
85,51,59,195
80,91,48,219
50,55,38,143
55,47,69,171
48,77,73,198
89,38,88,215
76,30,54,160
55,38,82,175
69,52,77,198
34,74,82,190
50,31,78,159
33,43,72,148
52,67,48,167
44,69,95,208
37,92,63,192
70,45,83,198
48,35,30,113
75,32,84,191
57,43,44,144
97,95,44,236
44,96,52,192
66,60,95,221
30,62,75,167
96,30,38,164
53,73,95,221
56,44,95,195
69,66,47,182
92,56,46,194
90,77,63,230
65,56,98,219
53,41,93,187
53,96,73,222
33,59,58,150
96,95,91,282
63,36,45,144
86,63,81,230
78,61,31,170
82,68,90,240
52,72,33,157
98,72,81,251
82,32,70,184
91,75,81,247
70,61,60,191
86,72,55,213
89,32,56,177
83,92,80,255
99,69,77,245
86,47,40,173
39,96,37,172
69,91,41,201
36,39,74,149
67,81,63,211
90,75,76,241
32,84,50,166
80,75,70,225
76,89,51,216
97,55,50,202
67,56,57,180
65,67,96,228
70,51,43,164
98,55,81,234
42,98,72,212
87,64,48,199
79,95,56,230
59,80,47,186
91,47,42,180
54,72,30,156
56,41,63,160
80,32,42,154
86,36,80,202
76,35,30,141
68,74,57,199
45,68,61,174
51,80,84,215
83,38,55,176
50,52,43,145
45,41,97,183
88,91,92,271
60,69,43,172
71,83,56,210
61,36,70,167
88,46,32,166
63,79,88,230
38,53,52,143
40,31,47,118
39,62,70,171
46,50,37,133
97,82,61,240
77,75,70,222
81,74,74,229
54,38,38,130
50,35,77,162
94,80,53,227
92,64,73,229
80,82,87,249
65,48,95,208
95,98,47,240
44,54,58,156
68,40,31,139
99,46,97,242
30,65,68,163
52,50,70,172
68,47,51,166
86,89,78,253
63,47,57,167
70,30,45,145
42,43,97,182
99,37,91,227
35,95,65,195
81,80,51,212
32,89,40,161
92,63,71,226
78,65,84,227
76,91,64,231
84,30,86,200
93,71,63,227
94,30,99,223
96,83,33,212
44,76,75,195
61,68,40,169
97,59,90,246
47,36,64,147
72,51,98,221
64,79,86,229
87,74,40,201
62,39,41,142
43,43,72,158
63,75,48,186
90,35,97,222
33,50,88,171
88,91,31,210
58,48,37,143
35,91,51,177
78,82,50,210
69,53,58,180
94,85,66,245
98,91,58,247
56,63,66,185
35,51,50,136
42,97,41,180
93,86,77,256
91,39,76,206
48,95,44,187
72,37,96,205
49,67,42,158
97,91,88,276
73,57,42,172
52,39,48,139
31,74,86,191
51,94,61,206
86,96,50,232
36,38,43,117
85,34,53,172
96,39,78,213
45,41,61,147
80,87,40,207
41,50,89,180
82,50,97,229
34,94,90,218
56,32,34,122
41,98,65,204
46,93,93,232
35,78,61,174
34,46,95,175
86,61,39,186
57,99,50,206
98,50,69,217
88,36,71,195
62,36,75,173
91,56,70,217
79,37,33,149
48,57,43,148
98,95,43,236
95,76,82,253
76,39,58,173
68,62,52,182
97,36,60,193
62,32,90,184
42,43,52,137
83,73,37,193
36,75,45,156
43,90,55,188
48,65,58,171
83,42,35,160
49,45,66,160
58,34,62,154
53,67,75,195
92,79,90,261
86,67,70,223
37,85,47,169
91,92,45,228
58,77,80,215
46,88,66,200
95,73,43,211
35,84,97,216
87,84,59,230
98,30,89,217
57,37,82,176
91,33,65,189
70,82,59,211
98,87,93,278
70,66,43,179
78,78,52,208
78,96,77,251
32,48,57,137
39,30,36,105
64,58,71,193
31,62,39,132
53,81,97,231
67,70,73,210
51,52,42,145
55,34,62,151
72,86,61,219
84,35,77,196
68,78,34,180
58,51,90,199
49,33,32,114
70,93,53,216
83,66,63,212
49,60,71,180
48,66,49,163
95,74,70,239
59,37,49,145
82,69,35,186
63,34,86,183
51,57,71,179
96,38,54,188
35,31,70,136
56,92,70,218
39,80,32,151
77,60,72,209
99,36,75,210
88,59,86,233
88,87,80,255
31,32,34,97
58,80,44,182
97,85,68,250
94,39,99,232
55,90,67,212
39,79,68,186
82,76,81,239
88,30,32,150
51,86,58,195
80,67,60,207
77,91,95,263
50,99,74,223
51,94,51,196
59,91,39,189
54,85,50,189
57,96,46,199
94,46,96,236
74,37,36,147
97,89,65,251
36,69,96,201
78,91,59,228
38,70,58,166
65,41,62,168
30,83,88,201
39,40,49,128
65,89,58,212
75,97,82,254
61,75,30,166
61,67,63,191
35,90,73,198
77,46,43,166
67,95,66,228
46,65,64,175
56,36,88,180
83,45,53,181
79,43,94,216
64,54,35,153
54,33,97,184
57,58,67,182
44,85,30,159
33,35,70,138
56,30,60,146
55,68,65,188
48,30,83,161
46,92,60,198
72,86,58,216
70,96,32,198
71,94,87,252
79,94,90,263
69,50,35,154
68,59,49,176
52,62,90,204
81,77,75,233
76,51,42,169
92,83,52,227
98,33,60,191
72,84,33,189
77,73,95,245
63,41,45,149
69,81,60,210
90,94,77,261
79,94,72,245
96,39,33,168
91,47,91,229
87,76,77,240
62,95,57,214
45,78,45,168
77,51,98,226
39,55,59,153
67,38,94,199
48,50,98,196
65,92,43,200
88,35,63,186
92,43,85,220
75,62,58,195
32,53,54,139
94,80,95,269
37,31,69,137
80,44,44,168
35,64,61,160
68,65,49,182
89,68,82,239
57,33,96,186
83,93,78,254
66,35,96,197
38,86,30,154
85,59,68,212
88,96,90,274
31,44,84,159
90,46,98,234
87,47,31,165
89,48,46,183
69,98,58,225
65,53,33,151
66,77,93,236
47,59,72,178
92,44,41,177
51,76,79,206
40,73,97,210
87,56,90,233
86,93,80,259
33,70,34,137
36,97,57,190
90,34,39,163
83,82,81,246
97,37,46,180
30,51,94,175
84,36,50,170
32,51,83,166
67,75,78,220
30,59,51,140
67,45,98,210
58,34,93,185
34,96,65,195
50,52,50,152
96,90,85,271
76,34,77,187
64,52,47,163
97,54,44,195
98,37,73,208
30,50,74,154
97,31,65,193
41,51,69,161
89,97,80,266
56,93,59,208
85,48,55,188
52,82,60,194
54,81,85,220
50,76,90,216
90,83,46,219
92,73,53,218
81,36,33,150
54,30,38,122
84,92,31,207
75,68,64,207
61,48,67,176
84,60,74,218
34,53,44,131
65,98,71,234
78,94,32,204
87,62,60,209
68,88,81,237
90,62,70,222
38,61,86,185
35,88,71,194
64,70,82,216
68,41,85,194
51,40,82,173
70,48,61,179
34,83,83,200
71,86,66,223
96,71,37,204
59,60,40,159
86,81,83,250
58,31,89,178
66,67,39,172
42,61,99,202
61,39,71,171
75,37,66,178
52,49,87,188
74,49,88,211
46,38,53,137
95,44,57,196
35,92,66,193
47,50,50,147
51,34,62,147
62,64,31,157
59,97,57,213
61,77,44,182
71,91,30,192
39,64,57,160
65,99,79,243
63,50,64,177
57,68,57,182
40,63,38,141
68,44,53,165
76,35,92,203
48,95,33,176
44,85,85,214
57,78,70,205
53,30,96,179
38,94,77,209
76,57,87,220
62,49,68,179
91,77,54,222
48,94,89,231
96,80,76,252
69,72,90,231
76,78,56,210
94,54,71,219
58,70,81,209
79,93,77,249
42,90,61,193
30,41,53,124
63,98,32,193
77,43,56,176
77,63,69,209
78,77,52,207
93,90,36,219
90,64,66,220
58,94,36,188
68,88,51,207
55,65,46,166
46,48,48,142
42,71,68,181
98,98,65,261
55,48,44,147
78,68,92,238
96,98,58,252
36,81,89,206
87,41,85,213
78,76,69,223
82,65,45,192
94,92,62,248
91,80,45,216
46,72,59,177
72,63,95,230
54,78,73,205
32,47,67,146
58,90,80,228
61,86,89,236
55,34,47,136
45,53,34,132
54,93,69,216
83,88,35,206
57,67,41,165
85,62,41,188
94,39,51,184
70,66,78,214
80,40,79,199
58,53,33,144
48,50,79,177
95,49,32,176
70,39,45,154
74,76,43,193
44,76,93,213
32,44,70,146
40,73,97,210
82,91,88,261
75,35,31,141
59,95,39,193
86,33,55,174
47,52,33,132
80,42,57,179
77,60,31,168
95,45,95,235
37,70,45,152
51,30,86,167
35,41,52,128
86,85,52,223
65,79,50,194
86,49,54,189
78,95,87,260
74,65,66,205
95,67,78,240
74,51,44,169
49,90,57,196
93,79,96,268
96,88,33,217
32,49,76,157
83,65,79,227
93,44,89,226
69,91,91,251
88,32,96,216
84,34,72,190
91,85,87,263
33,60,81,174
89,64,98,251
59,99,75,233
31,55,54,140
91,30,54,175
78,36,64,178
38,65,90,193
60,54,44,158
90,88,64,242
77,90,58,225
54,58,67,179
65,47,98,210
37,70,53,160
87,48,48,183
74,33,75,182
91,94,78,263
68,70,73,211
87,44,55,186
93,83,54,230
73,93,64,230
58,44,65,167
88,79,43,210
38,51,85,174
35,47,35,117
58,31,61,150
87,65,55,207
46,49,44,139
45,45,78,168
32,96,85,213
50,59,66,175
93,84,82,259
65,95,87,247
91,55,65,211
71,86,40,197
71,98,56,225
90,31,31,152
42,85,51,178
40,91,95,226
83,63,46,192
45,85,33,163
37,84,43,164
88,49,36,173
86,79,45,210
69,54,95,218
88,54,48,190
31,82,30,143
39,43,60,142
73,89,33,195
40,72,87,199
31,91,85,207
79,98,82,259
41,92,72,205
52,31,78,161
47,83,89,219
91,45,45,181
91,84,89,264
67,72,76,215
96,90,44,230
67,67,92,226
96,74,57,227
90,80,49,219
30,71,92,193
74,53,62,189
57,59,65,181
50,66,42,158
42,82,91,215
56,92,97,245
36,40,52,128
51,52,42,145
82,79,69,230
33,84,59,176
52,84,54,190
99,33,55,187
62,83,53,198
57,90,68,215
37,34,90,161
30,47,78,155
66,73,70,209
92,60,99,251
51,50,49,150
99,76,73,248
50,59,45,154
64,84,50,198
34,97,44,175
89,98,68,255
75,70,71,216
79,74,90,243
77,59,33,169
35,74,53,162
85,74,32,191
88,74,30,192
58,84,42,184
47,88,83,218
31,34,69,134
37,61,40,138
83,35,71,189
67,55,33,155
77,66,54,197
56,42,65,163
49,98,93,240
41,54,73,168
72,42,69,183
90,49,74,213
60,89,37,186
90,50,64,204
96,90,73,259
64,55,47,166
44,83,76,203
45,71,54,170
42,40,70,152
64,66,34,164
88,40,93,221
50,56,91,197
83,63,32,178
59,67,66,192
77,90,70,237
64,82,49,195
67,94,96,257
60,32,69,161
53,96,37,186
78,57,34,169
61,43,54,158
84,81,68,233
87,59,66,212
32,87,34,153
98,83,37,218
39,98,33,170
54,44,70,168
97,67,89,253
90,43,83,216
58,86,51,195
48,88,48,184
72,37,97,206
95,48,62,205
90,61,51,202
72,58,94,224
54,70,40,164
49,74,45,168
77,42,97,216
53,56,73,182
40,48,38,126
84,55,91,230
57,82,44,183
98,80,35,213
92,66,30,188
88,38,49,175
34,81,65,180
80,83,31,194
50,32,99,181
41,98,31,170
79,37,32,148
33,43,36,112
71,32,93,196
67,53,70,190
54,42,83,179
43,72,70,185
61,58,34,153
40,80,92,212
90,71,30,191
47,60,54,161
56,92,75,223
84,55,44,183
83,47,98,228
50,86,46,182
73,36,50,159
34,77,82,193
70,89,84,243
88,62,39,189
83,32,86,201
51,33,94,178
94,33,66,193
93,71,36,200
33,38,69,140
94,80,79,253
44,46,30,120
51,46,49,146
76,49,60,185
75,43,97,215
43,51,41,135
79,81,51,211
49,56,30,135
79,72,30,181
62,32,32,126
88,37,50,175
72,39,42,153
41,58,90,189
69,69,42,180
49,94,62,205
67,50,35,152
32,53,54,139
57,89,52,198
85,55,55,195
42,38,33,113
95,49,64,208
66,85,54,205
78,65,49,192
95,65,30,190
65,51,97,213
83,30,52,165
55,98,51,204
69,66,91,226
72,42,30,144
51,72,88,211
49,66,97,212
37,54,48,139
58,50,59,167
69,70,30,169
59,71,77,207
84,71,48,203
45,31,81,157
75,97,51,223
91,37,79,207
36,90,95,221
74,43,35,152
88,50,93,231
85,53,50,188
77,79,48,204
56,74,66,196
82,93,92,267
64,93,58,215
80,55,89,224
66,61,63,190
86,86,30,202
37,82,77,196
49,62,50,161
82,81,63,226
41,47,55,143
78,64,65,207
46,41,52,139
93,80,76,249
71,39,73,183
58,81,49,188
48,63,56,167
40,96,90,226
79,68,66,213
87,37,81,205
63,58,91,212
49,51,95,195
79,99,53,231
39,90,41,170
61,72,45,178
81,78,65,224
44,58,31,133
32,60,91,183
66,82,93,241
69,63,58,190
69,67,60,196
85,86,44,215
52,33,84,169
40,31,62,133
93,41,81,215
37,64,49,150
85,99,67,251
89,50,32,171
39,90,83,212
68,64,95,227
57,77,47,181
78,44,36,158
65,44,64,173
42,35,89,166
65,97,53,215
55,51,68,174
33,61,41,135
93,51,82,226
67,56,93,216
51,44,33,128
31,73,34,138
60,38,45,143
40,63,56,159
75,44,33,152
91,91,77,259
98,74,37,209
93,87,75,255
39,48,73,160
69,45,96,210
53,37,81,171
73,62,63,198
89,47,91,227
91,64,50,205
46,72,53,171
94,79,73,246
86,32,70,188
84,88,58,230
82,57,35,174
85,75,85,245
38,93,43,174
51,99,79,229
42,76,81,199
77,43,30,150
47,36,41,124
69,60,53,182
46,80,66,192
44,58,99,201
44,44,32,120
92,54,56,202
68,90,82,240
42,70,46,158
61,98,44,203
38,33,68,139
69,86,33,188
49,60,46,155
92,32,40,164
73,96,41,210
67,79,61,207
89,46,56,191
77,89,73,239
47,95,72,214
45,53,78,176
84,61,72,217
68,48,32,148
97,95,58,250
88,89,64,241
91,95,77,263
42,44,68,154
35,64,53,152
89,98,49,236
43,56,44,143
83,36,47,166
33,35,89,157
68,62,70,200
54,87,98,239
61,78,40,179
88,46,85,219
92,71,47,210
67,69,41,177
82,75,45,202
96,99,56,251
57,97,46,200
32,30,60,122
51,81,64,196
67,64,56,187
91,98,61,250
86,34,46,166
35,46,40,121
61,82,30,173
39,81,78,198
32,43,70,145
88,58,49,195
78,37,66,181
88,30,45,163
60,58,68,186
98,65,74,237
91,80,93,264
81,66,76,223
70,98,52,220
60,82,61,203
51,81,78,210
33,41,48,122
42,81,96,219
74,30,68,172
71,36,89,196
78,46,40,164
49,72,78,199
83,46,44,173
65,88,90,243
30,32,72,134
44,58,44,146
46,51,34,131
53,67,58,178
87,83,91,261
52,79,89,220
75,98,98,271
37,59,51,147
88,52,42,182
88,76,79,243
42,50,76,168
68,49,58,175
57,52,46,155
90,97,49,236
45,50,35,130
31,50,51,132
46,30,38,114
59,44,61,164
42,46,62,150
42,80,99,221
72,92,78,242
50,43,59,152
84,88,45,217
69,79,94,242
44,63,43,150
81,35,85,201
82,78,66,226
81,35,78,194
59,98,79,236
62,36,65,163
86,80,81,247
81,30,52,163
38,42,95,175
83,72,74,229
30,56,57,143
73,32,49,154
38,87,78,203
61,46,86,193
44,74,88,206
41,87,55,183
86,85,48,219
37,83,42,162
56,58,91,205
91,83,43,217
41,56,40,137
94,74,96,264
71,60,41,172
91,65,64,220
40,90,68,198
72,66,61,199
46,96,43,185
61,65,94,220
69,34,56,159
52,75,89,216
85,81,72,238
35,78,94,207
79,35,84,198
66,39,64,169
93,52,61,206
83,46,48,177
78,73,68,219
40,70,49,159
78,44,57,179
50,73,32,155
95,87,61,243
92,79,87,258
57,81,83,221
46,99,71,216
35,97,44,176
48,92,91,231
85,87,60,232
57,52,90,199
95,73,55,223
67,73,98,238
66,81,86,233
97,96,49,242
78,57,95,230
72,96,50,218
65,47,89,201
87,56,92,235
42,80,80,202
81,89,68,238
87,78,40,205
61,44,86,191
89,97,32,218
87,44,66,197
85,80,54,219
57,77,50,184
30,30,71,131
71,36,30,137
77,82,52,211
69,60,53,182
92,47,76,215
33,41,36,110
67,77,67,211
56,59,76,191
38,36,64,138
45,32,91,168
85,92,32,209
60,35,49,144
43,44,73,160
54,72,61,187
63,47,55,165
96,51,77,224
53,90,34,177
55,90,88,233
49,82,90,221
93,55,78,226
39,69,59,167
96,37,46,179
53,50,99,202
34,72,87,193
96,50,92,238
87,32,90,209
56,60,92,208
44,56,44,144
64,56,30,150
82,86,42,210
73,62,77,212
55,73,63,191
76,72,59,207
63,60,48,171
79,94,93,266
41,46,95,182
33,44,86,163
77,63,73,213
84,33,41,158
30,57,69,156
95,31,53,179
59,46,40,145
32,87,95,214
50,38,30,118
78,60,87,225
91,95,57,243
67,91,97,255
44,48,88,180
81,84,51,216
75,57,58,190
54,79,98,231
50,94,74,218
34,32,99,165
99,81,46,226
76,39,68,183
97,50,69,216
47,66,57,170
50,44,31,125
52,38,56,146
93,73,50,216
96,68,36,200
69,34,90,193
39,54,81,174
81,85,77,243
90,93,48,231
93,81,41,215
34,38,31,103
82,39,46,167
84,39,32,155
66,91,50,207
85,89,80,254
88,48,39,175
98,67,84,249
88,35,65,188
31,44,80,155
94,76,46,216
89,74,90,253
80,34,42,156
59,82,94,235
40,95,77,212
68,91,99,258
92,52,76,220
93,73,39,205
90,81,86,257
83,75,42,200
87,48,90,225
85,76,87,248
63,81,97,241
60,53,58,171
81,46,45,172
30,75,92,197
84,93,76,253
51,57,72,180
69,79,52,200
30,93,59,182
94,57,86,237
92,85,59,236
83,88,96,267
71,34,85,190
50,83,53,186
51,73,37,161
67,71,73,211
37,86,63,186
91,76,64,231
76,54,79,209
46,73,46,165
46,44,31,121
42,80,83,205
46,82,73,201
67,63,78,208
74,37,31,142
35,99,99,233
64,50,38,152
43,36,30,109
90,85,98,273
44,78,38,160
83,71,43,197
56,52,56,164
42,81,38,161
60,82,65,207
64,45,32,141
89,66,52,207
35,47,59,141
98,49,48,195
87,75,96,258
78,31,79,188
52,92,77,221
63,32,32,127
55,75,95,225
76,78,56,210
34,30,69,133
49,51,47,147
35,43,56,134
99,74,40,213
88,35,68,191
93,94,48,235
47,50,36,133
33,33,86,152
46,32,31,109
43,59,67,169
42,60,34,136
36,63,65,164
73,49,97,219
44,83,86,213
48,54,49,151
92,44,34,170
64,67,53,184
64,52,59,175
48,81,57,186
49,95,82,226
64,86,80,230
61,86,36,183
77,81,71,229
73,64,64,201
53,43,63,159
90,43,83,216
46,62,58,166
79,81,39,199
94,30,56,180
61,63,42,166
65,48,71,184
42,53,66,161
99,33,90,222
87,65,50,202
43,87,32,162
66,61,37,164
97,38,99,234
69,96,46,211
88,49,39,176
45,91,42,178
91,87,41,219
33,51,95,179
74,96,52,222
57,77,94,228
95,37,81,213
60,44,90,194
32,61,55,148
37,82,44,163
53,96,51,200
44,33,94,171
72,59,55,186
60,42,50,152
74,50,53,177
95,70,45,210
37,48,61,146
86,77,45,208
59,92,71,222
47,49,61,157
98,93,79,270
68,66,70,204
89,60,53,202
72,47,42,161
74,49,39,162
52,40,71,163
98,73,70,241
35,93,32,160
85,63,84,232
33,94,45,172
52,84,73,209
35,30,59,124
61,67,66,194
47,38,89,174
44,46,53,143
69,81,55,205
35,47,87,169
92,92,38,222
96,62,90,248
40,33,48,121
72,81,57,210
46,38,36,120
33,93,74,200
92,59,92,243
97,37,66,200
70,34,45,149
34,92,34,160
61,30,58,149
99,44,81,224
64,67,52,183
51,71,35,157
94,75,65,234
51,82,86,219
40,55,62,157
32,90,78,200
38,96,70,204
89,83,84,256
43,51,55,149
47,55,66,168
52,89,46,187
76,68,61,205
98,65,57,220
76,50,54,180
59,70,76,205
54,77,51,182
57,55,90,202
54,92,73,219
87,65,49,201
70,53,79,202
54,50,76,180
77,47,76,200
39,44,80,163
40,35,84,159
50,72,68,190
74,60,43,177
36,57,98,191
93,37,76,206
93,58,50,201
31,50,44,125
71,87,30,188
83,89,39,211
45,79,52,176
47,60,47,154
88,76,87,251
45,63,81,189
35,31,75,141
86,96,42,224
76,81,46,203
77,36,96,209
71,48,90,209
89,44,94,227
33,77,82,192
31,43,34,108
88,32,61,181
56,79,74,209
56,83,85,224
36,35,34,105
92,78,63,233
75,52,90,217
92,49,91,232
41,89,98,228
42,74,92,208
72,90,73,235
46,85,57,188
92,31,99,222
65,74,42,181
37,69,72,178
98,53,59,210
65,58,55,178
57,96,92,245
76,97,86,259
59,95,93,247
52,83,78,213
45,82,81,208
43,78,92,213
81,61,42,184
66,90,74,230
58,71,75,204
96,30,70,196
44,92,75,211
76,64,30,170
75,80,97,252
81,74,41,196
48,94,64,206
50,43,62,155
93,32,87,212
66,53,64,183
56,94,75,225
84,77,95,256
58,39,73,170
49,42,55,146
54,43,71,168
99,39,59,197
92,69,61,222
65,52,65,182
31,84,48,163
51,92,51,194
45,71,94,210
47,95,86,228
98,76,40,214
83,81,55,219
59,47,77,183
74,47,48,169
48,53,41,142
63,52,96,211
42,41,85,168
72,52,47,171
91,50,34,175
51,93,53,197
81,63,67,211
81,31,96,208
65,98,99,262
48,60,81,189
67,97,68,232
99,99,88,286
86,48,55,189
49,42,94,185
38,94,77,209
61,35,82,178
33,56,38,127
79,81,34,194
34,77,90,201
49,97,50,196
66,73,92,231
51,46,49,146
87,67,87,241
97,39,74,210
73,83,51,207
63,35,92,190
71,35,59,165
38,81,92,211
36,44,73,153
97,97,96,290
48,86,87,221
60,85,94,239
64,36,65,165
86,80,35,201
90,87,66,243
60,93,84,237
82,55,88,225
61,87,67,215
95,60,54,209
88,95,62,245
39,42,42,123
31,47,67,145
95,42,87,224
89,53,49,191
46,86,46,178
45,58,53,156
45,85,55,185
75,83,69,227
68,34,61,163
60,64,66,190
30,48,89,167
40,84,86,210
33,98,87,218
55,73,96,224
79,67,51,197
41,91,87,219
94,51,78,223
76,69,78,223
82,55,71,208
31,34,69,134
53,83,75,211
33,78,51,162
48,32,50,130
55,67,80,202
69,43,43,155
79,76,38,193
72,43,47,162
96,67,42,205
41,93,46,180
96,73,54,223
56,99,83,238
83,94,45,222
95,54,53,202
78,45,52,175
45,44,70,159
31,32,62,125
89,96,71,256
83,66,77,226
59,84,47,190
67,67,92,226
57,92,40,189
54,30,53,137
39,48,90,177
89,81,93,263
71,59,65,195
69,84,82,235
71,43,76,190
76,42,81,199
66,56,86,208
51,38,52,141
86,70,88,244
56,77,98,231
70,41,85,196
63,39,71,173
61,35,47,143
95,63,62,220
41,81,32,154
69,70,57,196
39,35,30,104
77,31,92,200
49,44,76,169
68,46,66,180
89,45,77,211
95,57,48,200
94,39,43,176
80,39,96,215
65,39,94,198
53,57,55,165
56,53,39,148
31,48,99,178
60,97,72,229
86,85,99,270
95,96,88,279
58,71,32,161
44,41,34,119
41,47,66,154
57,52,81,190
53,35,95,183
50,82,92,224
39,71,36,146
47,95,82,224
43,59,35,137
63,38,36,137
87,71,73,231
51,63,47,161
99,69,83,251
65,46,58,169
74,58,54,186
65,79,92,236
51,78,97,226
90,90,42,222
85,75,61,221
62,75,56,193
74,46,80,200
65,95,63,223
49,34,57,140
47,83,59,189
67,45,38,150
96,36,42,174
52,37,93,182
45,67,67,179
88,83,51,222
98,44,60,202
97,79,71,247
50,85,91,226
99,38,93,230
41,37,38,116
45,48,73,166
43,80,92,215
90,86,69,245
75,97,70,242
61,60,79,200
44,32,49,125
73,72,99,244
46,58,71,175
70,39,62,171
83,41,92,216
73,75,86,234
34,59,94,187
56,61,81,198
72,76,35,183
60,92,36,188
46,55,38,139
83,32,90,205
91,52,63,206
61,79,64,204
69,65,49,183
42,42,87,171
64,58,89,211
34,67,83,184
58,34,64,156
99,49,76,224
54,43,75,172
51,37,33,121
95,77,39,211
74,42,69,185
98,53,84,235
30,94,69,193
73,63,52,188
68,80,44,192
83,32,34,149
58,87,69,214
83,84,47,214
45,71,50,166
49,50,32,131
75,39,75,189
96,86,82,264
94,54,49,197
87,85,88,260
82,67,50,199
30,90,80,200
95,76,54,225
58,83,97,238
99,75,39,213
37,97,96,230
58,33,38,129
80,95,58,233
62,72,66,200
32,91,67,190
89,33,88,210
64,94,86,244
98,91,89,278
49,31,57,137
68,38,57,163
33,86,75,194
48,74,96,218
74,47,84,205
72,77,67,216
42,71,47,160
42,70,92,204
89,87,34,210
86,71,73,230
81,64,58,203
82,67,43,192
72,96,87,255
71,70,73,214
55,79,47,181
52,74,36,162
72,48,91,211
57,46,74,177
38,94,45,177
49,85,93,227
85,70,66,221
68,71,54,193
80,35,38,153
41,98,84,223
84,69,57,210
40,70,38,148
55,38,41,134
71,37,47,155
56,73,85,214
40,87,87,214
67,96,80,243
72,42,61,175
48,48,77,173
93,78,37,208
35,59,59,153
75,95,55,225
71,88,53,212
94,82,56,232
88,81,68,237
81,60,95,236
76,44,80,200
36,49,79,164
40,34,74,148
90,36,62,188
97,47,48,192
54,85,42,181
41,74,51,166
55,57,49,161
41,79,34,154
72,31,61,164
80,97,59,236
66,53,55,174
75,77,33,185
82,74,96,252
42,87,72,201
83,65,59,207
86,31,45,162
33,47,68,148
78,78,70,226
36,37,60,133
40,87,78,205
83,44,42,169
74,46,70,190
52,52,57,161
57,95,93,245
86,99,48,233
55,56,54,165
54,66,67,187
83,78,32,193
58,93,31,182
65,63,34,162
43,47,90,180
64,93,49,206
59,73,67,199
46,46,65,157
96,88,75,259
59,42,66,167
74,81,83,238
80,89,50,219
76,71,50,197
82,93,99,274
93,95,89,277
67,63,65,195
93,93,40,226
36,62,60,158
51,41,66,158
70,48,89,207
39,38,90,167
86,46,96,228
36,79,58,173
79,68,96,243
81,70,96,247
62,39,45,146
30,41,74,145
82,44,63,189
89,57,73,219
63,33,71,167
33,65,64,162
46,94,59,199
33,76,82,191
72,68,87,227
33,67,57,157
30,73,44,147
79,80,67,226
90,55,79,224
64,65,42,171
37,98,64,199
53,30,53,136
65,82,94,241
79,35,47,161
72,66,87,225
56,31,55,142
61,98,58,217
47,70,73,190
57,80,34,171
58,76,62,196
45,42,34,121
76,98,65,239
88,95,42,225
60,88,54,202
33,97,87,217
66,88,31,185
46,39,65,150
68,42,54,164
77,31,63,171
75,44,41,160
77,75,48,200
68,86,66,220
33,39,30,102
59,51,89,199
59,37,96,192
51,50,78,179
95,51,75,221
41,74,77,192
65,69,97,231
47,51,48,146
82,59,69,210
30,91,35,156
87,74,92,253
35,64,64,163
99,71,90,260
73,34,34,141
53,56,66,175
48,99,40,187
47,91,69,207
59,61,94,214
71,37,37,145
62,47,40,149
41,44,87,172
56,55,77,188
68,82,42,192
38,73,89,200
50,61,78,189
58,57,96,211
62,68,36,166
91,61,54,206
44,47,52,143
31,99,80,210
81,40,76,197
73,61,34,168
83,49,42,174
47,69,71,187
32,37,34,103
36,64,52,152
72,98,91,261
67,50,30,147
66,53,83,202
87,46,32,165
62,47,93,202
88,41,80,209
40,45,31,116
97,33,78,208
97,63,60,220
51,75,32,158
95,60,64,219
73,54,65,192
35,53,93,181
71,94,61,226
54,54,47,155
86,57,63,206
84,65,85,234
45,35,96,176
43,95,82,220
68,96,96,260
57,77,95,229
80,99,93,272
78,96,96,270
38,77,68,183
87,94,67,248
74,73,69,216
51,92,48,191
61,75,34,170
98,48,98,244
98,93,43,234
71,79,78,228
82,92,93,267
88,70,86,244
68,36,64,168
44,38,34,116
58,33,68,159
32,78,53,163
39,35,69,143
58,50,79,187
64,44,87,195
35,96,30,161
41,95,72,208
67,85,68,220
48,97,39,184
96,61,31,188
37,95,92,224
37,58,45,140
76,95,66,237
33,63,45,141
80,56,56,192
96,89,92,277
74,68,93,235
37,73,61,171
45,65,38,148
96,48,40,184
38,74,99,211
89,50,59,198
44,52,44,140
70,56,88,214
51,48,77,176
53,70,89,212
73,55,97,225
30,57,86,173
39,93,93,225
85,97,83,265
79,80,83,242
41,77,88,206
89,39,68,196
55,68,44,167
70,48,57,175
65,93,65,223
52,48,83,183
72,91,46,209
35,42,51,128
98,54,65,217
72,71,58,201
54,68,84,206
47,59,71,177
91,34,61,186
42,47,43,132
72,50,47,169
57,79,67,203
47,35,63,145
88,79,74,241
89,95,61,245
92,30,96,218
86,86,92,264
80,59,84,223
85,87,72,244
56,81,51,188
61,66,97,224
38,77,58,173
97,30,69,196
75,48,74,197
96,75,39,210
55,96,74,225
37,31,46,114
35,85,31,151
53,46,46,145
77,51,67,195
74,56,66,196
42,84,92,218
98,61,34,193
54,89,54,197
49,57,51,157
95,57,92,244
74,54,64,192
76,55,84,215
92,46,49,187
84,36,34,154
48,85,68,201
64,93,92,249
82,49,61,192
55,67,92,214
43,87,69,199
74,45,46,165
73,80,61,214
94,56,52,202
80,80,89,249
72,45,85,202
52,89,38,179
85,69,98,252
48,96,91,235
84,31,93,208
89,77,51,217
88,81,61,230
62,53,76,191
48,31,31,110
57,94,81,232
81,49,43,173
78,63,66,207
66,70,56,192
55,70,53,178
69,52,93,214
67,67,99,233
83,73,55,211
51,96,83,230
45,91,44,180
57,41,58,156
64,59,57,180
89,94,88,271
74,70,50,194
75,49,39,163
84,35,33,152
55,33,91,179
54,39,33,126
94,80,35,209
35,67,45,147
52,30,67,149
93,37,78,208
72,92,90,254
52,62,94,208
59,44,79,182
47,60,46,153
50,50,57,157
86,32,73,191
52,95,41,188
74,64,99,237
73,70,32,175
76,88,78,242
69,45,50,164
80,85,37,202
71,74,93,238
36,88,88,212
79,79,59,217
77,41,61,179
35,41,49,125
38,62,45,145
86,78,54,218
60,50,89,199
50,89,74,213
69,81,38,188
74,83,80,237
78,68,90,236
49,78,69,196
46,93,90,229
57,55,96,208
70,36,44,150
95,91,82,268
54,53,33,140
87,69,52,208
70,76,56,202
35,37,66,138
67,83,72,222
35,38,66,139
74,32,58,164
43,83,58,184
95,50,78,223
69,77,80,226
32,76,79,187
53,97,57,207
48,92,34,174
47,45,85,177
93,34,93,220
64,40,46,150
91,58,84,233
30,99,38,167
54,77,97,228
74,44,45,163
78,63,45,186
45,89,42,176
48,91,92,231
52,31,70,153
54,48,82,184
45,78,97,220
83,57,38,178
30,77,80,187
71,66,77,214
48,78,78,204
63,77,47,187
84,58,39,181
47,89,83,219
63,58,44,165
74,87,40,201
35,77,69,181
50,52,76,178
99,56,49,204
77,36,51,164
68,78,77,223
60,83,45,188
39,97,34,170
59,71,94,224
47,88,50,185
89,73,90,252
44,55,84,183
33,52,53,138
92,37,52,181
69,82,40,191
38,43,76,157
38,36,31,105
55,38,99,192
33,32,82,147
45,46,40,131
44,73,44,161
81,75,41,197
98,87,65,250
34,57,52,143
49,43,56,148
47,38,43,128
31,55,83,169
42,31,56,129
33,63,50,146
71,48,78,197
90,68,91,249
37,42,73,152
96,34,73,203
92,79,90,261
38,52,71,161
40,58,52,150
71,55,30,156
42,86,65,193
65,30,84,179
42,57,45,144
41,91,47,179
66,76,67,209
81,88,96,265
31,60,49,140
85,99,48,232
89,78,42,209
52,34,46,132
69,60,59,188
93,66,72,231
52,44,77,173
58,81,72,211
80,98,95,273
98,40,82,220
60,72,63,195
79,99,42,220
49,52,85,186
84,69,88,241
31,92,61,184
54,31,83,168
42,76,31,149
99,59,66,224
96,45,62,203
87,88,30,205
93,76,57,226
98,59,46,203
88,38,86,212
89,94,99,282
91,88,81,260
45,93,73,211
97,37,76,210
44,81,42,167
84,47,59,190
64,87,95,246
84,78,82,244
43,61,47,151
78,77,57,212
36,74,33,143
59,83,71,213
78,75,35,188
45,60,38,143
80,66,49,195
71,45,67,183
46,75,97,218
92,75,79,246
74,90,89,253
36,75,42,153
56,80,71,207
39,91,97,227
63,64,54,181
65,71,60,196
54,74,41,169
35,97,93,225
53,76,90,219
47,59,82,188
35,53,55,143
58,95,90,243
54,72,39,165
84,63,41,188
75,52,51,178
53,90,82,225
55,66,50,171
57,42,64,163
32,36,56,124
67,71,89,227
90,67,76,233
80,81,95,256
77,73,44,194
50,93,53,196
83,42,39,164
85,57,53,195
88,30,86,204
80,72,63,215
49,71,70,190
88,79,69,236
38,89,40,167
30,30,30,90
58,80,59,197
92,45,72,209
85,68,55,208
97,44,82,223
64,62,76,202
32,82,38,152
36,46,38,120
56,35,30,121
30,60,73,163
73,98,88,259
70,69,85,224
71,59,80,210
62,98,45,205
79,36,67,182
92,42,40,174
66,33,54,153
88,79,88,255
77,32,58,167
34,41,69,144
77,94,37,208
32,56,35,123
76,79,74,229
91,46,82,219
43,61,50,154
92,80,86,258
90,46,35,171
60,63,92,215
46,64,35,145
53,53,82,188
52,83,33,168
79,47,38,164
99,79,98,276
56,75,33,164
44,77,87,208
79,62,66,207
65,56,35,156
37,30,80,147
32,88,79,199
91,39,43,173
76,54,40,170
90,86,39,215
61,95,90,246
42,44,42,128
30,57,63,150
63,42,89,194
91,43,80,214
60,95,34,189
93,63,61,217
54,54,41,149
67,83,81,231
43,41,42,126
37,38,83,158
83,60,83,226
31,82,70,183
85,72,77,234
90,67,80,237
51,71,76,198
64,77,79,220
45,96,75,216
79,95,67,241
72,45,42,159
46,45,51,142
87,60,31,178
31,87,42,160
33,57,86,176
68,33,63,164
35,39,48,122
98,80,38,216
98,47,62,207
49,76,56,181
93,61,74,228
45,59,31,135
80,65,86,231
66,38,86,190
98,65,45,208
71,58,35,164
86,45,43,174
95,50,56,201
38,93,67,198
93,95,48,236
51,88,66,205
63,57,33,153
84,84,87,255
58,60,38,156
67,62,69,198
47,89,44,180
94,70,33,197
30,75,81,186
33,78,47,158
33,94,82,209
56,71,88,215
72,52,83,207
88,56,70,214
61,61,89,211
62,32,33,127
57,89,68,214
84,46,36,166
89,61,52,202
99,36,92,227
91,98,94,283
63,87,70,220
85,69,73,227
42,77,74,193
85,80,98,263
47,86,80,213
83,66,94,243
72,84,83,239
68,70,85,223
90,49,69,208
71,62,87,220
47,69,44,160
52,63,48,163
83,91,39,213
59,48,45,152
87,72,72,231
97,98,60,255
96,92,45,233
47,39,57,143
36,42,91,169
69,34,49,152
99,87,64,250
94,88,88,270
97,88,38,223
78,44,39,161
81,30,74,185
58,67,44,169
50,82,59,191
38,81,77,196
76,30,69,175
71,40,73,184
80,87,75,242
85,69,35,189
80,89,53,222
99,73,36,208
49,35,35,119
56,57,62,175
67,60,67,194
94,37,73,204
83,34,46,163
53,83,60,196
76,46,66,188
92,67,40,199
86,38,34,158
84,43,93,220
89,55,32,176
91,91,85,267
59,54,92,205
51,65,67,183
58,62,83,203
70,32,31,133
71,40,31,142
94,87,41,222
60,93,69,222
59,47,31,137
47,76,86,209
46,73,76,195
67,88,65,220
43,79,33,155
85,98,53,236
51,58,91,200
96,96,31,223
85,31,44,160
48,54,78,180
86,48,64,198
73,69,76,218
64,31,53,148
30,94,89,213
81,91,77,249
99,83,52,234
66,74,41,181
94,78,70,242
80,98,58,236
30,67,99,196
50,33,80,163
82,46,52,180
45,82,60,187
90,82,50,222
83,60,53,196
69,51,38,158
55,40,51,146
94,63,33,190
93,44,32,169
72,39,57,168
46,82,44,172
88,77,37,202
52,60,77,189
36,66,81,183
73,57,84,214
82,60,66,208
63,99,33,195
75,43,84,202
97,45,41,183
45,54,48,147
48,68,86,202
31,95,66,192
39,67,36,142
79,70,84,233
41,69,57,167
99,93,66,258
51,45,90,186
61,88,68,217
30,40,52,122
83,30,81,194
87,42,40,169
99,59,95,253
47,98,42,187
35,47,70,152
74,42,78,194
52,61,44,157
52,79,85,216
55,60,83,198
36,80,60,176
73,56,90,219
56,89,87,232
55,62,89,206
65,82,82,229
84,62,90,236
93,70,71,234
86,48,58,192
98,70,56,224
90,71,73,234
31,52,34,117
84,62,81,227
67,49,82,198
58,54,81,193
55,81,67,203
64,41,73,178
96,61,82,239
58,62,31,151
63,97,83,243
70,44,64,178
70,80,75,225
52,35,84,171
32,98,40,170
87,98,58,243
61,64,98,223
60,63,92,215
72,92,76,240
36,97,36,169
30,47,93,170
90,55,93,238
43,90,41,174
81,77,41,199
35,60,65,160
39,63,58,160
59,36,40,135
50,36,82,168
89,76,99,264
92,37,76,205
71,30,62,163
80,32,96,208
93,82,72,247
85,67,47,199
70,80,82,232
61,44,68,173
44,96,63,203
91,93,66,250
56,97,70,223
57,34,78,169
93,39,39,171
88,37,69,194
87,41,47,175
31,93,54,178
65,88,70,223
42,96,65,203
44,79,31,154
89,52,78,219
51,69,96,216
92,47,82,221
54,50,48,152
77,30,55,162
72,67,83,222
67,70,80,217
70,71,54,195
74,38,46,158
69,52,90,211
46,40,75,161
86,60,84,230
31,55,79,165
91,59,40,190
38,63,41,142
97,75,69,241
46,98,77,221
79,34,85,198
69,90,37,196
87,67,43,197
50,57,85,192
47,55,83,185
84,90,46,220
58,52,74,184
53,75,34,162
46,59,32,137
47,96,38,181
71,62,49,182
74,32,50,156
46,98,62,206
43,71,34,148
78,91,53,222
58,87,92,237
33,86,55,174
49,30,62,141
76,89,47,212
38,98,47,183
56,88,67,211
44,75,62,181
48,63,56,167
81,54,78,213
55,71,79,205
55,58,44,157
55,54,81,190
75,83,97,255
78,96,48,222
82,44,54,180
32,33,54,119
95,67,62,224
71,49,89,209
48,52,66,166
46,66,72,184
62,91,38,191
78,37,43,158
85,66,32,183
92,74,98,264
32,62,85,179
78,36,55,169
84,51,82,217
55,34,70,159
81,44,50,175
36,50,68,154
75,46,52,173
75,85,87,247
45,79,98,222
53,36,58,147
90,79,91,260
83,89,82,254
91,36,74,201
30,69,56,155
78,74,63,215
54,88,43,185
39,84,70,193
45,93,89,227
87,94,71,252
58,83,80,221
35,69,40,144
45,82,64,191
49,73,48,170
72,92,94,258
55,31,90,176
62,50,76,188
55,79,43,177
74,81,96,251
92,38,81,211
96,49,61,206
81,47,39,167
97,59,46,202
55,94,69,218
31,53,97,181
43,76,92,211
59,73,44,176
78,58,68,204
41,97,86,224
73,46,39,158
62,34,46,142
42,79,46,167
55,69,45,169
50,75,32,157
57,80,80,217
77,40,75,192
69,41,84,194
95,42,55,192
52,93,60,205
77,37,48,162
31,94,97,222
49,38,44,131
88,31,87,206
75,42,59,176
32,31,77,140
84,97,85,266
41,77,71,189
69,32,53,154
95,97,81,273
45,35,72,152
63,34,63,160
73,32,89,194
35,39,32,106
93,72,97,262
51,48,40,139
47,43,42,132
41,50,79,170
81,72,48,201
80,57,73,210
77,50,62,189
48,65,67,180
35,53,32,120
56,83,94,233
82,67,64,213
77,46,65,188
36,51,67,154
88,74,68,230
98,90,54,242
40,40,93,173
44,90,42,176
93,67,97,257
32,95,99,226
98,62,30,190
52,72,83,207
82,60,38,180
66,64,65,195
38,66,66,170
44,76,88,208
32,52,50,134
99,65,49,213
46,69,30,145
55,44,88,187
50,66,57,173
50,33,85,168
40,51,38,129
67,51,94,212
64,46,65,175
43,67,63,173
43,53,61,157
39,35,95,169
41,97,54,192
67,35,80,182
63,55,92,210
70,70,74,214
39,67,55,161
46,72,50,168
46,82,80,208
96,44,53,193
91,85,41,217
30,85,40,155
41,60,56,157
33,86,52,171
71,80,62,213
42,53,67,162
33,87,84,204
98,33,99,230
48,39,71,158
31,92,58,181
41,44,63,148
35,92,86,213
37,48,32,117
80,92,35,207
40,85,77,202
92,50,93,235
86,63,42,191
41,46,65,152
31,47,99,177
37,95,62,194
40,80,86,206
82,94,84,260
39,72,42,153
37,86,80,203
65,39,82,186
43,66,65,174
83,77,34,194
50,98,54,202
79,85,66,230
68,65,48,181
49,60,64,173
36,84,63,183
38,67,83,188
30,44,75,149
55,45,35,135
67,82,30,179
67,85,63,215
90,36,85,211
73,86,55,214
73,84,71,228
91,81,67,239
35,33,55,123
46,72,88,206
80,69,53,202
67,59,50,176
53,39,89,181
80,36,49,165
39,65,35,139
50,64,96,210
99,68,39,206
86,65,41,192
68,49,51,168
62,78,91,231
88,88,90,266
47,78,46,171
85,55,39,179
86,65,41,192
77,72,69,218
71,72,52,195
56,62,69,187
81,74,79,234
71,74,39,184
61,44,33,138
55,46,30,131
54,41,72,167
52,51,34,137
86,52,63,201
81,41,95,217
60,97,53,210
93,80,43,216
62,42,70,174
31,86,71,188
47,84,42,173
76,57,58,191
62,73,94,229
64,48,75,187
80,75,63,218
47,32,92,171
59,49,33,141
73,54,57,184
82,85,30,197
39,90,65,194
81,84,42,207
78,64,34,176
40,88,43,171
95,68,61,224
87,86,79,252
65,96,56,217
62,63,64,189
76,70,32,178
42,51,33,126
69,56,36,161
97,50,32,179
71,70,88,229
48,60,30,138
48,56,57,161
87,66,88,241
52,95,82,229
83,83,39,205
94,38,32,164
41,71,36,148
53,65,38,156
63,39,98,200
82,88,42,212
37,69,69,175
47,83,91,221
86,68,91,245
34,36,39,109
55,33,40,128
59,44,91,194
83,77,85,245
42,35,78,155
58,64,45,167
32,97,38,167
87,87,62,236
31,48,64,143
57,91,68,216
31,39,54,124
36,54,85,175
55,73,77,205
45,87,39,171
52,54,70,176
69,69,88,226
89,99,57,245
61,39,70,170
44,95,95,234
42,54,80,176
34,40,91,165
81,65,59,205
70,78,69,217
82,77,69,228
79,36,98,213
44,80,91,215
36,46,44,126
69,61,32,162
57,55,53,165
61,51,70,182
44,42,92,178
99,41,77,217
94,30,90,214
33,62,77,172
40,43,76,159
55,93,85,233
90,72,37,199
66,87,47,200
52,70,52,174
69,97,98,264
52,68,94,214
45,30,75,150
90,70,95,255
97,74,98,269
60,42,51,153
82,38,94,214
54,92,41,187
73,52,48,173
41,83,51,175
38,76,84,198
41,68,91,200
98,55,80,233
83,30,77,190
83,43,46,172
57,94,42,193
85,98,57,240
98,96,96,290
87,78,34,199
71,79,89,239
67,87,44,198
97,82,73,252
82,86,75,243
62,47,58,167
85,45,97,227
80,31,78,189
72,42,72,186
44,74,97,215
67,72,49,188
44,83,47,174
34,60,93,187
83,38,78,199
80,77,71,228
39,47,41,127
41,40,65,146
33,91,37,161
47,48,57,152
65,53,89,207
54,42,78,174
65,75,67,207
96,82,87,265
38,58,34,130
90,65,75,230
82,46,31,159
47,77,54,178
72,53,30,155
64,83,98,245
92,30,69,191
33,96,97,226
70,35,98,203
74,84,98,256
79,67,45,191
57,62,83,202
71,37,92,200
98,49,47,194
30,84,46,160
68,77,33,178
46,85,38,169
64,39,60,163
75,81,34,190
71,79,45,195
68,63,71,202
78,65,70,213
91,90,59,240
67,45,55,167
52,47,78,177
51,76,60,187
33,61,79,173
78,72,44,194
88,69,81,238
97,94,67,258
31,64,67,162
78,98,89,265
60,79,49,188
69,41,73,183
77,87,92,256
80,92,79,251
72,78,51,201
84,65,83,232
78,83,38,199
86,76,44,206
44,61,77,182
56,82,49,187
97,61,64,222
93,91,96,280
59,66,89,214
65,67,63,195
96,59,83,238
78,87,41,206
84,61,48,193
85,95,55,235
97,80,52,229
73,40,62,175
60,88,86,234
87,49,59,195
82,66,52,200
52,78,65,195
57,48,72,177
45,84,95,224
66,69,82,217
50,36,89,175
46,34,66,146
66,71,90,227
48,77,82,207
59,36,41,136
74,40,64,178
47,78,96,221
91,59,67,217
65,70,53,188
81,32,69,182
48,69,94,211
73,80,86,239
36,61,74,171
73,77,42,192
97,49,35,181
63,64,76,203
95,53,73,221
98,69,61,228
84,81,32,197
39,68,83,190
71,97,67,235
70,90,33,193
98,94,46,238
39,91,66,196
39,31,65,135
89,35,87,211
80,72,70,222
50,69,37,156
37,68,96,201
94,57,59,210
59,92,81,232
78,93,54,225
38,41,81,160
46,70,88,204
98,58,59,215
87,52,96,235
86,80,33,199
91,74,86,251
81,51,92,224
90,39,61,190
69,36,80,185
67,44,92,203
72,75,30,177
92,90,48,230
48,90,64,202
79,80,92,251
62,67,55,184
42,41,42,125
91,95,52,238
72,83,64,219
78,68,41,187
65,68,38,171
39,59,96,194
35,77,73,185
86,60,90,236
30,54,50,134
87,97,36,220
50,80,40,170
85,42,74,201
49,92,61,202
83,71,65,219
54,83,66,203
57,96,70,223
34,85,78,197
50,48,44,142
47,75,42,164
76,44,82,202
99,61,62,222
86,78,61,225
48,50,77,175
94,94,97,285
32,99,86,217
71,56,91,218
50,52,31,133
69,76,45,190
96,41,37,174
54,95,48,197
84,34,61,179
81,38,96,215
73,49,61,183
85,92,54,231
84,59,82,225
99,45,54,198
95,34,62,191
48,58,60,166
36,76,65,177
92,51,78,221
71,86,73,230
71,64,77,212
88,89,59,236
49,99,42,190
46,89,72,207
56,87,45,188
76,32,55,163
31,63,76,170
92,74,66,232
91,79,32,202
48,31,55,134
46,44,44,134
98,66,95,259
68,44,57,169
68,89,67,224
65,93,73,231
69,81,82,232
74,52,33,159
33,66,73,172
54,70,75,199
98,86,55,239
59,54,42,155
97,66,98,261
58,69,73,200
97,75,82,254
80,89,80,249
53,48,42,143
43,38,70,151
98,98,40,236
47,34,66,147
71,55,89,215
86,48,61,195
41,59,74,174
46,77,47,170
59,45,49,153
52,47,73,172
30,85,65,180
61,50,98,209
38,60,66,164
44,30,62,136
57,32,48,137
53,54,80,187
89,37,61,187
64,94,51,209
56,91,30,177
49,36,83,168
94,36,49,179
78,37,87,202
30,48,64,142
39,46,99,184
76,40,99,215
88,78,90,256
91,40,92,223
47,70,90,207
75,91,86,252
61,81,32,174
56,95,74,225
47,97,44,188
68,96,46,210
78,69,44,191
73,34,34,141
83,51,75,209
63,66,40,169
65,40,93,198
47,73,43,163
67,82,68,217
88,90,96,274
38,96,84,218
80,42,71,193
64,40,34,138
34,40,81,155
43,36,51,130
59,46,73,178
33,77,88,198
68,43,54,165
93,92,50,235
54,93,93,240
57,94,97,248
95,63,76,234
51,38,64,153
60,66,36,162
52,59,85,196
77,70,81,228
49,74,75,198
67,76,38,181
84,36,87,207
97,43,52,192
30,77,32,139
36,35,90,161
86,63,38,187
41,75,82,198
34,88,97,219
79,99,78,256
71,37,99,207
41,53,77,171
47,96,36,179
95,33,60,188
46,30,85,161
97,63,90,250
91,38,34,163
70,92,59,221
63,39,51,153
99,39,46,184
74,79,39,192
87,73,97,257
80,77,71,228
63,35,56,154
73,53,36,162
44,87,52,183
99,93,37,229
79,85,37,201
61,41,34,136
96,64,31,191
32,35,80,147
80,94,95,269
96,89,41,226
77,97,76,250
46,58,84,188
36,67,55,158
42,51,74,167
95,37,91,223
33,92,99,224
39,42,31,112
46,56,55,157
81,47,43,171
35,47,86,168
98,91,61,250
38,43,91,172
50,40,59,149
53,46,42,141
33,80,69,182
53,43,60,156
88,86,66,240
32,35,74,141
97,86,88,271
69,33,57,159
77,40,90,207
83,40,48,171
64,37,72,173
85,88,88,261
69,50,45,164
97,94,98,289
75,53,73,201
42,59,95,196
56,86,39,181
35,46,76,157
46,88,48,182
65,60,80,205
31,93,42,166
81,77,92,250
95,52,45,192
81,99,82,262
72,59,64,195
51,84,88,223
84,36,68,188
96,41,96,233
89,89,90,268
87,81,79,247
41,56,82,179
98,41,75,214
68,42,81,191
42,91,58,191
70,58,34,162
86,64,96,246
82,89,69,240
41,58,31,130
42,60,97,199
86,90,91,267
69,31,87,187
74,62,98,234
64,91,87,242
32,88,64,184
34,69,43,146
40,78,44,162
85,61,35,181
39,67,45,151
63,42,75,180
96,83,92,271
60,42,41,143
95,68,70,233
99,52,48,199
70,43,31,144
92,46,49,187
61,53,38,152
49,87,50,186
86,92,37,215
79,63,68,210
54,80,66,200
41,39,58,138
68,50,64,182
46,66,67,179
74,36,64,174
40,42,97,179
99,59,32,190
52,60,41,153
99,34,61,194
67,61,76,204
31,45,92,168
66,51,55,172
78,93,72,243
81,73,73,227
62,69,67,198
51,66,58,175
34,45,84,163
47,72,81,200
67,92,48,207
66,44,64,174
93,73,77,243
39,38,89,166
71,94,60,225
77,73,32,182
73,49,64,186
45,99,81,225
83,62,80,225
64,35,85,184
57,60,50,167
31,95,30,156
42,47,82,171
70,57,35,162
88,97,91,276
98,94,76,268
82,74,79,235
74,87,60,221
49,76,93,218
53,95,58,206
90,81,44,215
87,65,87,239
56,30,52,138
55,68,67,190
36,30,70,136
71,43,44,158
76,52,32,160
82,72,30,184
88,51,40,179
67,89,89,245
98,56,94,248
82,85,33,200
44,31,54,129
55,68,72,195
77,80,69,226
48,48,73,169
38,91,88,217
93,96,52,241
83,92,91,266
80,34,52,166
68,90,87,245
33,36,84,153
32,79,62,173
93,75,92,260
58,43,89,190
40,98,90,228
87,94,90,271
56,94,98,248
50,86,50,186
68,91,32,191
75,49,77,201
95,55,39,189
65,73,71,209
94,96,95,285
92,99,75,266
64,91,38,193
60,74,78,212
57,40,33,130
30,63,89,182
54,75,58,187
72,61,76,209
96,34,92,222
92,92,60,244
80,58,80,218
31,77,70,178
93,45,65,203
98,54,69,221
38,58,89,185
31,81,44,156
63,75,59,197
89,54,59,202
90,52,56,198
60,63,69,192
39,96,74,209
65,63,76,204
78,61,85,224
99,58,83,240
78,38,38,154
32,95,94,221
34,86,99,219
90,68,30,188
55,36,42,133
34,98,67,199
44,37,74,155
45,47,69,161
30,78,44,152
45,45,79,169
66,50,31,147
32,39,82,153
81,33,55,169
76,73,95,244
42,37,62,141
84,84,88,256
50,48,55,153
95,93,50,238
83,69,78,230
56,80,95,231
67,38,66,171
87,59,43,189
91,85,36,212
75,73,67,215
40,88,74,202
37,44,51,132
93,97,73,263
50,99,64,213
92,90,89,271
93,52,32,177
49,76,96,221
37,46,84,167
87,86,38,211
75,83,98,256
60,81,57,198
38,51,44,133
44,68,60,172
55,42,88,185
39,95,83,217
58,81,97,236
65,43,76,184
66,92,71,229
52,57,52,161
70,75,94,239
57,57,83,197
77,31,40,148
67,46,92,205
60,88,51,199
43,81,83,207
58,33,65,156
80,32,87,199
78,66,49,193
72,53,45,170
34,64,85,183
71,31,79,181
36,62,95,193
71,39,42,152
65,91,44,200
56,72,56,184
87,98,37,222
75,88,99,262
95,38,79,212
54,89,96,239
56,92,55,203
30,81,65,176
71,52,50,173
81,59,81,221
54,72,40,166
83,97,37,217
96,50,86,232
35,72,75,182
87,36,31,154
99,45,93,237
82,52,81,215
95,87,94,276
87,60,40,187
31,98,35,164
51,35,93,179
66,94,84,244
49,88,73,210
53,57,43,153
94,47,34,175
94,39,54,187
30,36,79,145
32,66,31,129
75,74,39,188
84,45,31,160
93,43,89,225
74,40,74,188
55,63,37,155
94,89,87,270
53,42,36,131
64,68,50,182
53,73,76,202
57,57,30,144
45,69,41,155
88,45,77,210
83,79,33,195
45,57,63,165
44,97,61,202
40,89,32,161
94,41,97,232
97,45,86,228
72,82,53,207
98,83,62,243
42,78,32,152
39,65,33,137
70,91,59,220
79,55,99,233
88,85,78,251
68,51,59,178
32,98,45,175
36,78,82,196
78,31,35,144
55,82,53,190
62,36,57,155
77,49,50,176
31,59,37,127
61,96,65,222
33,88,38,159
49,95,69,213
65,32,80,177
61,85,30,176
57,46,92,195
30,81,97,208
89,36,55,180
85,34,69,188
64,83,32,179
59,90,38,187
83,45,61,189
65,96,96,257
84,88,33,205
87,76,35,198
94,77,55,226
98,93,31,222
80,79,95,254
51,70,32,153
82,51,64,197
65,83,88,236
97,34,67,198
65,46,62,173
81,70,44,195
82,64,43,189
79,69,95,243
70,51,74,195
47,77,77,201
51,82,73,206
95,39,66,200
50,47,58,155
73,78,63,214
76,59,88,223
68,48,72,188
58,84,62,204
83,89,48,220
46,50,37,133
89,55,60,204
60,57,40,157
78,68,37,183
31,62,54,147
77,69,49,195
43,58,67,168
88,49,36,173
87,49,68,204
87,41,49,177
80,54,40,174
31,54,45,130
70,33,71,174
45,33,81,159
33,38,66,137
41,44,81,166
58,55,38,151
36,61,64,161
43,81,96,220
41,61,36,138
34,38,31,103
61,42,54,157
72,85,70,227
98,73,81,252
74,59,94,227
38,45,67,150
78,41,96,215
62,95,71,228
47,47,83,177
38,42,96,176
91,53,93,237
86,41,33,160
58,89,60,207
54,89,42,185
44,30,56,130
35,72,88,195
71,84,94,249
58,69,93,220
33,93,54,180
86,63,66,215
78,63,43,184
73,77,53,203
43,62,96,201
32,97,77,206
91,59,94,244
93,58,67,218
74,52,99,225
87,63,88,238
49,44,41,134
87,82,83,252
86,46,80,212
97,93,67,257
81,90,75,246
66,86,39,191
37,66,38,141
73,36,81,190
34,37,80,151
98,97,51,246
60,50,97,207
74,90,34,198
38,58,58,154
61,54,35,150
62,87,98,247
96,43,87,226
59,95,72,226
58,83,98,239
32,96,66,194
86,59,87,232
59,47,66,172
38,83,55,176
55,50,71,176
31,82,45,158
91,45,51,187
32,57,52,141
75,33,76,184
97,84,96,277
54,44,32,130
80,93,41,214
42,94,52,188
73,45,40,158
64,49,81,194
84,93,79,256
38,62,86,186
31,98,93,222
90,98,75,263
70,87,58,215
73,68,99,240
93,65,75,233
60,97,45,202
76,50,80,206
31,92,40,163
98,35,40,173
87,53,92,232
73,82,82,237
85,79,87,251
72,41,48,161
63,85,61,209
59,44,79,182
99,69,84,252
84,70,70,224
96,98,99,293
42,98,50,190
32,35,55,122
55,96,30,181
86,62,56,204
53,72,79,204
82,50,95,227
99,94,94,287
72,46,39,157
89,37,66,192
87,93,98,278
78,57,70,205
71,42,75,188
95,42,74,211
40,67,56,163
47,54,94,195
81,91,37,209
75,52,96,223
73,50,78,201
51,83,43,177
82,92,91,265
88,59,72,219
59,97,56,212
37,61,56,154
86,53,97,236
49,36,77,162
54,30,96,180
48,32,54,134
34,57,93,184
56,72,53,181
69,75,38,182
55,30,37,122
56,67,88,211
91,64,46,201
79,83,72,234
71,53,97,221
58,57,33,148
68,51,37,156
89,45,71,205
70,42,78,190
62,91,35,188
45,72,71,188
52,61,61,174
36,96,44,176
55,86,98,239
41,94,56,191
34,98,95,227
98,78,88,264
78,62,57,197
55,48,53,156
34,65,80,179
51,99,50,200
42,44,60,146
57,53,79,189
62,56,69,187
52,78,97,227
47,52,45,144
59,62,92,213
55,70,85,210
45,85,53,183
68,58,57,183
62,60,60,182
55,94,44,193
77,47,71,195
94,35,79,208
67,81,34,182
31,69,77,177
35,94,42,171
75,71,61,207
79,97,96,272
67,61,59,187
47,39,35,121
56,98,54,208
70,38,57,165
46,98,91,235
91,90,51,232
58,40,97,195
87,97,44,228
99,37,55,191
51,78,92,221
35,53,47,135
55,62,92,209
68,48,91,207
41,31,97,169
43,84,77,204
51,40,79,170
80,46,92,218
52,71,98,221
77,90,35,202
79,32,87,198
42,64,80,186
39,95,41,175
84,30,76,190
38,36,38,112
81,49,36,166
31,72,58,161
54,35,80,169
42,84,84,210
80,50,88,218
87,80,85,252
63,75,51,189
64,64,47,175
32,37,87,156
88,97,69,254
99,45,60,204
77,96,85,258
93,93,64,250
48,31,55,134
96,30,97,223
34,87,63,184
96,30,45,171
40,36,71,147
97,98,34,229
98,47,90,235
30,61,73,164
92,74,64,230
58,62,30,150
41,78,72,191
70,62,61,193
31,97,92,220
66,57,62,185
74,82,95,251
77,73,59,209
53,84,39,176
51,39,52,142
40,43,68,151
87,65,74,226
75,63,58,196
58,47,59,164
64,45,63,172
44,66,81,191
89,70,51,210
71,54,34,159
72,37,40,149
78,47,61,186
93,97,53,243
61,77,40,178
93,99,40,232
31,96,46,173
53,47,61,161
95,47,56,198
67,85,61,213
60,52,90,202
55,64,54,173
58,35,93,186
96,55,93,244
54,90,57,201
77,44,69,190
94,61,43,198
82,41,71,194
96,34,68,198
47,93,31,171
38,56,30,124
67,74,61,202
50,64,93,207
94,55,60,209
50,52,87,189
56,42,43,141
99,32,98,229
73,58,45,176
57,95,98,250
74,93,83,250
46,57,42,145
69,65,60,194
32,35,98,165
95,40,50,185
75,67,59,201
59,63,52,174
98,96,67,261
38,75,58,171
40,58,61,159
98,89,91,278
95,83,74,252
60,98,78,236
62,38,62,162
68,39,33,140
75,97,47,219
66,87,99,252
89,81,93,263
60,63,57,180
40,64,87,191
31,62,85,178
56,61,49,166
31,84,63,178
50,37,39,126
87,75,51,213
34,43,34,111
81,37,73,191
74,83,38,195
49,50,72,171
90,43,33,166
67,31,71,169
49,90,94,233
54,46,70,170
31,77,93,201
61,37,84,182
55,85,47,187
99,46,45,190
70,98,75,243
96,41,65,202
30,67,95,192
80,47,73,200
34,55,34,123
42,66,58,166
48,99,33,180
41,70,78,189
77,71,37,185
54,70,81,205
86,76,98,260
64,43,50,157
34,30,56,120
51,46,67,164
86,84,34,204
76,82,90,248
83,60,37,180
32,91,47,170
82,37,33,152
60,59,33,152
98,95,66,259
62,74,44,180
79,47,67,193
45,74,56,175
68,48,77,193
75,97,75,247
76,79,75,230
73,54,77,204
38,67,88,193
79,65,33,177
89,97,48,234
44,85,86,215
65,68,48,181
92,92,71,255
98,36,34,168
70,87,77,234
53,88,54,195
78,77,96,251
47,34,55,136
36,65,91,192
33,54,36,123
98,74,73,245
89,48,56,193
84,36,71,191
45,87,85,217
58,95,32,185
52,68,42,162
43,47,99,189
78,30,88,196
62,92,67,221
54,32,97,183
50,50,98,198
46,59,30,135
52,40,79,171
86,51,38,175
87,86,82,255
43,32,39,114
49,59,58,166
59,74,65,198
48,65,56,169
82,93,47,222
85,83,47,215
52,97,38,187
91,79,96,266
62,60,36,158
47,58,87,192
62,88,59,209
61,65,90,216
90,96,46,232
83,40,82,205
46,40,35,121
48,55,68,171
99,82,54,235
63,43,71,177
54,93,71,218
97,39,88,224
40,60,67,167
45,65,60,170
90,39,58,187
36,55,38,129
45,49,30,124
45,73,76,194
69,91,39,199
41,38,45,124
64,53,76,193
50,41,72,163
79,89,53,221
72,45,37,154
46,58,55,159
61,61,36,158
70,64,44,178
35,72,77,184
56,82,32,170
49,49,45,143
54,37,43,134
95,71,32,198
38,99,99,236
82,45,60,187
90,98,46,234
67,82,78,227
32,74,32,138
99,80,84,263
84,35,69,188
30,62,95,187
99,44,69,212
74,43,59,176
76,68,54,198
55,92,36,183
43,34,79,156
83,81,30,194
75,45,73,193
60,67,78,205
88,82,36,206
58,82,32,172
46,75,30,151
43,44,80,167
65,88,67,220
87,79,72,238
53,38,84,175
92,55,86,233
54,32,82,168
88,76,62,226
61,34,91,186
47,91,40,178
66,34,81,181
55,39,30,124
38,92,43,173
93,54,50,197
49,73,63,185
83,54,43,180
59,59,69,187
82,43,64,189
92,72,71,235
40,57,49,146
60,48,89,197
78,71,38,187
48,49,62,159
41,40,78,159
44,83,97,224
60,53,33,146
72,99,77,248
66,46,45,157
58,57,76,191
55,79,55,189
31,84,99,214
44,39,66,149
33,50,51,134
79,87,36,202
67,63,71,201
52,72,59,183
88,40,35,163
57,62,53,172
95,87,95,277
37,75,69,181
58,90,44,192
40,91,82,213
47,30,34,111
84,50,65,199
79,91,75,245
43,93,52,188
38,85,74,197
40,30,39,109
92,50,83,225
96,51,99,246
82,83,61,226
68,33,72,173
85,94,44,223
57,80,95,232
68,92,44,204
54,44,49,147
50,65,79,194
39,58,35,132
72,81,46,199
44,75,55,174
77,98,51,226
50,58,93,201
89,76,87,252
79,54,66,199
52,45,57,154
42,70,78,190
98,94,96,288
33,98,96,227
38,49,70,157
64,98,75,237
50,65,84,199
87,87,40,214
47,77,55,179
72,31,42,145
35,58,65,158
96,45,93,234
41,64,80,185
41,91,51,183
95,33,89,217
31,97,31,159
44,80,85,209
52,62,69,183
58,53,57,168
36,54,32,122
57,57,92,206
43,36,52,131
73,65,84,222
59,39,61,159
61,65,57,183
99,47,37,183
35,35,32,102
56,36,82,174
53,41,58,152
63,70,88,221
69,92,53,214
76,54,67,197
53,82,57,192
94,62,91,247
47,35,80,162
73,91,36,200
86,95,52,233
57,38,75,170
52,96,57,205
63,45,53,161
40,84,36,160
64,69,78,211
71,55,32,158
57,67,31,155
53,64,36,153
37,97,50,184
82,88,38,208
33,43,41,117
34,76,53,163
78,71,62,211
59,80,72,211
92,48,34,174
76,95,43,214
55,76,65,196
86,94,64,244
66,71,79,216
36,67,40,143
69,42,53,164
68,73,73,214
91,53,80,224
82,59,46,187
33,99,99,231
54,67,37,158
36,52,57,145
57,86,41,184
98,52,72,222
96,65,66,227
49,86,92,227
40,30,92,162
96,32,39,167
36,43,66,145
52,63,40,155
90,99,48,237
63,98,81,242
48,80,47,175
87,58,61,206
38,77,52,167
77,45,41,163
70,86,87,243
77,39,50,166
74,48,50,172
54,96,58,208
54,65,76,195
48,33,41,122
68,62,87,217
56,57,70,183
92,38,48,178
97,35,41,173
48,78,52,178
57,51,34,142
62,77,55,194
39,50,92,181
59,62,81,202
51,85,39,175
32,58,68,158
77,82,52,211
31,69,40,140
83,47,77,207
35,76,45,156
69,42,75,186
31,56,76,163
31,91,77,199
84,74,98,256
89,32,54,175
35,51,66,152
48,56,92,196
56,84,58,198
30,96,87,213
62,62,60,184
69,31,97,197
61,75,70,206
98,62,79,239
46,87,73,206
37,36,38,111
86,44,88,218
71,55,56,182
38,40,88,166
64,67,32,163
82,56,36,174
83,36,45,164
54,30,78,162
96,50,61,207
91,59,73,223
84,37,48,169
75,32,32,139
53,84,89,226
75,44,64,183
51,65,58,174
40,35,99,174
77,71,74,222
37,79,56,172
68,47,98,213
64,79,64,207
78,59,48,185
75,68,46,189
67,41,64,172
37,88,59,184
83,73,77,233
66,33,86,185
69,65,46,180
63,77,44,184
46,43,43,132
62,78,43,183
76,96,74,246
81,38,67,186
38,50,92,180
62,45,40,147
89,45,77,211
50,57,55,162
87,80,96,263
98,85,54,237
39,86,90,215
35,81,55,171
42,75,63,180
94,67,38,199
49,77,69,195
86,70,36,192
75,88,59,222
37,96,95,228
39,95,59,193
96,56,97,249
40,61,87,188
41,85,84,210
39,39,43,121
54,69,66,189
78,46,73,197
78,87,35,200
40,35,55,130
91,68,43,202
65,47,37,149
68,71,53,192
82,33,68,183
85,49,78,212
30,57,92,179
85,69,55,209
33,94,39,166
59,73,87,219
41,52,43,136
64,86,68,218
81,76,60,217
60,42,79,181
97,45,45,187
81,84,80,245
36,94,44,174
51,45,67,163
85,66,50,201
87,81,45,213
93,39,96,228
41,67,94,202
36,73,42,151
84,83,93,260
91,80,90,261
84,81,61,226
65,99,41,205
53,88,70,211
73,42,95,210
46,70,37,153
31,41,88,160
42,79,54,175
60,86,34,180
57,79,74,210
89,86,31,206
56,83,71,210
44,95,67,206
62,37,32,131
49,92,75,216
71,38,51,160
41,89,62,192
52,92,61,205
43,32,46,121
54,42,85,181
60,38,32,130
83,81,99,263
34,91,78,203
42,37,84,163
57,74,60,191
72,82,50,204
76,92,45,213
67,86,46,199
96,83,30,209
91,48,94,233
68,96,95,259
66,75,66,207
37,39,53,129
81,47,91,219
62,41,50,153
71,78,66,215
56,52,64,172
37,91,67,195
52,40,82,174
93,85,44,222
49,84,71,204
45,54,33,132
46,38,68,152
48,41,52,141
37,40,44,121
67,67,41,175
67,57,99,223
82,37,83,202
60,76,67,203
73,65,57,195
89,79,48,216
46,38,98,182
68,89,93,250
71,96,33,200
77,82,39,198
41,46,41,128
47,82,98,227
35,57,36,128
72,92,73,237
64,44,52,160
83,48,31,162
91,99,66,256
98,76,98,272
45,77,49,171
37,49,73,159
60,66,99,225
39,31,80,150
85,93,60,238
99,65,70,234
49,34,87,170
34,93,34,161
52,36,62,150
38,99,72,209
87,51,48,186
88,75,61,224
83,69,32,184
75,90,30,195
51,75,70,196
93,57,77,227
37,64,68,169
49,30,34,113
80,58,40,178
68,38,51,157
66,38,93,197
79,51,41,171
63,92,82,237
62,95,84,241
60,87,82,229
83,99,50,232
73,84,48,205
63,42,98,203
91,48,95,234
52,62,88,202
75,94,78,247
85,89,88,262
36,41,52,129
90,72,32,194
32,46,85,163
67,97,87,251
63,58,91,212
73,84,47,204
59,36,90,185
46,73,66,185
88,34,83,205
39,89,94,222
47,35,43,125
74,36,34,144
88,75,91,254
91,86,30,207
88,83,92,263
78,75,96,249
92,39,49,180
61,33,72,166
39,96,71,206
40,54,98,192
99,90,68,257
91,67,91,249
76,61,77,214
63,52,35,150
46,66,71,183
83,32,87,202
69,42,72,183
48,63,39,150
96,94,68,258
82,37,42,161
93,38,68,199
76,57,40,173
35,47,45,127
45,71,62,178
47,70,89,206
81,99,88,268
77,62,80,219
72,83,44,199
68,65,72,205
78,85,56,219
41,46,85,172
39,39,89,167
84,73,99,256
30,31,76,137
78,43,37,158
65,70,92,227
50,31,36,117
66,48,31,145
53,30,46,129
84,31,33,148
54,56,55,165
36,31,98,165
53,80,34,167
40,39,34,113
41,48,98,187
64,42,32,138
92,77,67,236
97,85,30,212
86,85,37,208
42,79,42,163
52,74,99,225
68,88,79,235
41,68,37,146
63,50,59,172
60,84,69,213
91,86,62,239
42,70,81,193
60,99,62,221
31,78,66,175
44,73,99,216
86,64,98,248
63,34,33,130
97,80,89,266
58,86,60,204
95,87,43,225
45,65,89,199
68,39,97,204
66,79,55,200
50,66,53,169
73,49,85,207
48,42,38,128
37,48,64,149
95,85,53,233
70,74,60,204
99,89,95,283
90,97,95,282
55,86,70,211
99,83,65,247
58,66,63,187
95,66,68,229
48,43,52,143
97,73,73,243
87,71,99,257
99,30,87,216
86,52,88,226
66,93,55,214
90,57,51,198
59,33,69,161
54,70,40,164
94,89,38,221
35,47,41,123
47,92,55,194
39,90,67,196
40,78,32,150
94,76,44,214
94,68,76,238
81,35,34,150
96,82,83,261
60,54,53,167
46,94,40,180
84,34,62,180
65,94,86,245
55,37,81,173
82,68,93,243
46,72,72,190
54,34,73,161
31,33,65,129
34,30,41,105
33,85,85,203
65,74,32,171
35,94,79,208
50,32,58,140
55,51,45,151
84,85,69,238
68,47,56,171
62,54,99,215
43,77,71,191
85,60,86,231
50,59,39,148
75,95,67,237
45,39,37,121
45,88,47,180
58,80,46,184
37,38,87,162
32,83,95,210
48,91,73,212
95,38,38,171
51,38,77,166
75,53,68,196
42,68,35,145
62,37,59,158
34,54,47,135
56,95,72,223
53,39,62,154
96,53,82,231
92,88,85,265
77,60,48,185
92,40,98,230
41,35,55,131
57,99,58,214
73,61,53,187
72,68,35,175
46,77,83,206
69,42,68,179
78,88,33,199
86,96,87,269
93,85,77,255
86,70,89,245
99,85,55,239
72,64,69,205
52,67,85,204
56,96,68,220
87,63,68,218
66,99,77,242
35,40,54,129
94,56,63,213
35,77,50,162
79,53,54,186
51,47,51,149
54,56,52,162
80,83,54,217
77,84,55,216
99,50,59,208
94,88,67,249
89,63,63,215
75,87,44,206
65,77,73,215
87,83,39,209
67,47,66,180
40,32,36,108
41,53,61,155
71,30,40,141
68,35,77,180
40,48,97,185
65,72,77,214
81,37,74,192
60,98,62,220
62,81,33,176
42,76,76,194
47,57,82,186
70,75,60,205
87,33,60,180
85,37,56,178
53,90,77,220
60,46,65,171
84,63,78,225
39,49,60,148
89,63,73,225
31,72,88,191
44,39,52,135
32,59,97,188
72,54,71,197
60,86,71,217
99,92,42,233
96,76,30,202
85,32,82,199
92,75,69,236
44,65,75,184
39,55,51,145
67,39,81,187
76,63,57,196
86,37,82,205
79,84,92,255
44,39,46,129
47,86,93,226
31,74,35,140
72,79,43,194
55,93,46,194
67,31,67,165
71,74,98,243
34,91,42,167
40,43,82,165
94,44,38,176
63,43,73,179
30,60,55,145
31,58,48,137
49,56,77,182
90,38,59,187
50,49,61,160
97,87,98,282
41,78,40,159
51,86,55,192
49,45,55,149
30,37,46,113
59,96,73,228
53,48,52,153
43,96,54,193
65,65,66,196
98,89,94,281
53,65,31,149
89,40,61,190
84,80,84,248
53,84,79,216
53,83,94,230
83,46,61,190
55,91,66,212
95,71,42,208
67,53,83,203
94,46,32,172
80,77,71,228
64,99,69,232
72,36,95,203
58,43,89,190
66,40,40,146
87,41,30,158
83,34,55,172
68,34,71,173
71,49,91,211
57,83,90,230
58,84,91,233
72,87,41,200
32,59,56,147
39,53,96,188
88,32,57,177
43,77,95,215
76,51,57,184
71,43,50,164
61,77,36,174
61,58,43,162
71,79,68,218
61,39,91,191
55,56,41,152
30,57,67,154
85,38,87,210
31,55,85,171
59,37,68,164
81,31,33,145
38,86,77,201
51,81,36,168
63,87,89,239
78,32,69,179
30,37,37,104
82,88,87,257
69,31,86,186
74,91,64,229
97,78,42,217
38,49,68,155
51,58,50,159
47,46,76,169
72,51,31,154
68,35,73,176
35,91,59,185
77,60,84,221
36,91,69,196
98,41,53,192
45,41,71,157
30,92,57,179
66,45,80,191
66,54,51,171
93,51,37,181
91,47,43,181
90,74,74,238
62,97,67,226
95,41,61,197
59,78,91,228
49,62,96,207
89,92,90,271
53,47,42,142
33,83,76,192
66,56,83,205
33,54,81,168
47,63,54,164
95,89,52,236
77,83,59,219
62,34,40,136
87,65,64,216
57,83,56,196
64,65,96,225
39,98,76,213
94,68,79,241
71,99,37,207
38,33,84,155
89,94,71,254
44,69,96,209
86,66,49,201
98,96,74,268
51,60,64,175
93,76,49,218
70,56,53,179
85,80,86,251
52,49,84,185
54,42,38,134
35,92,45,172
63,73,84,220
92,53,87,232
38,32,93,163
89,39,78,206
78,94,58,230
80,78,36,194
89,87,98,274
99,31,31,161
66,95,62,223
60,60,77,197
70,97,66,233
91,66,59,216
87,53,70,210
43,73,33,149
65,70,68,203
65,80,53,198
37,71,79,187
55,69,66,190
65,77,82,224
77,33,54,164
57,89,60,206
97,68,67,232
91,34,87,212
80,35,82,197
71,43,79,193
58,99,33,190
39,41,81,161
68,91,60,219
30,56,43,129
68,83,30,181
50,41,72,163
94,37,88,219
44,45,90,179
33,81,70,184
89,55,47,191
90,37,89,216
49,74,98,221
39,48,88,175
63,46,71,180
77,94,65,236
62,58,69,189
90,43,59,192
39,46,40,125
83,42,54,179
94,92,74,260
30,62,80,172
34,58,72,164
44,66,95,205
57,75,76,208
52,53,53,158
46,43,66,155
42,34,85,161
43,82,75,200
40,59,57,156
57,89,81,227
71,57,44,172
90,55,74,219
93,47,87,227
60,65,96,221
39,37,70,146
37,47,94,178
50,87,69,206
88,61,34,183
79,78,57,214
98,77,67,242
99,94,47,240
59,62,66,187
46,79,56,181
49,33,54,136
77,65,98,240
31,57,56,144
66,32,83,181
30,35,36,101
33,74,56,163
83,52,88,223
54,36,60,150
32,90,97,219
38,94,33,165
63,35,47,145
72,53,92,217
51,66,81,198
99,74,92,265
31,80,74,185
95,74,41,210
61,92,37,190
45,58,51,154
30,54,70,154
77,39,70,186
79,64,86,229
42,84,61,187
44,54,84,182
82,74,35,191
73,41,68,182
37,33,38,108
75,96,61,232
98,46,65,209
48,94,45,187
67,82,41,190
40,86,70,196
72,57,96,225
49,45,87,181
49,50,38,137
50,71,46,167
86,83,34,203
79,61,55,195
55,67,30,152
59,99,30,188
60,67,64,191
71,83,38,192
97,89,67,253
90,76,33,199
90,41,81,212
99,82,48,229
97,62,34,193
46,57,77,180
48,32,92,172
80,55,67,202
99,83,81,263
92,69,75,236
59,95,38,192
54,97,79,230
55,76,95,226
85,31,67,183
51,71,56,178
48,63,49,160
60,50,91,201
55,73,45,173
71,31,42,144
70,88,49,207
52,45,53,150
76,49,79,204
42,55,36,133
95,45,58,198
95,99,34,228
45,52,64,161
57,71,94,222
64,66,99,229
70,35,36,141
60,66,73,199
61,51,42,154
83,35,67,185
88,61,42,191
70,46,83,199
95,67,73,235
83,46,42,171
69,66,54,189
57,52,53,162
66,78,58,202
94,90,99,283
84,78,47,209
33,90,34,157
39,61,47,147
76,92,92,260
43,36,66,145
67,51,84,202
41,35,41,117
74,90,81,245
46,43,86,175
64,45,75,184
95,32,73,200
70,38,53,161
96,76,38,210
58,71,41,170
47,71,38,156
49,52,51,152
43,32,46,121
63,30,62,155
78,96,76,250
83,32,44,159
60,78,62,200
87,96,44,227
71,84,56,211
87,33,90,210
59,60,97,216
54,95,77,226
92,93,37,222
48,60,35,143
37,92,92,221
32,95,31,158
96,60,51,207
46,76,50,172
43,51,35,129
38,75,99,212
91,87,42,220
50,90,30,170
66,75,51,192
40,30,53,123
49,54,93,196
64,90,70,224
82,43,51,176
76,74,90,240
81,68,41,190
37,95,33,165
33,61,41,135
56,87,62,205
73,85,50,208
69,35,81,185
76,96,76,248
73,79,88,240
77,67,76,220
81,32,85,198
97,34,42,173
40,53,73,166
33,83,64,180
77,63,58,198
55,68,85,208
68,77,34,179
87,78,96,261
48,63,82,193
87,36,89,212
57,47,35,139
95,99,77,271
39,63,64,166
87,80,47,214
43,97,40,180
44,43,80,167
62,98,52,212
46,37,76,159
53,44,88,185
59,88,86,233
91,40,85,216
42,49,56,147
91,84,64,239
76,65,84,225
45,43,38,126
95,87,47,229
72,67,73,212
37,30,50,117
32,94,85,211
41,30,77,148
45,89,30,164
88,54,56,198
78,39,74,191
92,79,92,263
91,41,87,219
78,61,69,208
80,62,92,234
62,55,67,184
59,71,58,188
88,79,69,236
44,90,48,182
52,70,85,207
74,86,73,233
91,31,94,216
44,99,42,185
75,60,59,194
93,52,78,223
75,83,92,250
85,57,64,206
73,48,40,161
58,77,78,213
91,31,69,191
81,40,50,171
83,73,76,232
86,88,32,206
95,88,59,242
51,67,96,214
49,54,91,194
62,50,66,178
54,71,51,176
75,65,60,200
86,38,75,199
34,41,74,149
84,39,43,166
90,88,41,219
37,34,92,163
45,62,67,174
77,98,76,251
90,92,83,265
44,58,84,186
94,47,77,218
51,35,44,130
32,82,45,159
83,61,72,216
43,71,36,150
65,76,72,213
96,60,57,213
39,91,95,225
78,85,89,252
94,40,32,166
86,55,30,171
56,56,60,172
34,86,85,205
86,56,75,217
44,88,61,193
59,91,47,197
49,49,97,195
66,32,64,162
32,45,52,129
70,73,42,185
68,59,43,170
55,69,66,190
31,94,34,159
52,58,51,161
52,59,57,168
45,61,33,139
38,39,79,156
42,80,58,180
57,37,66,160
56,80,64,200
80,65,49,194
93,84,64,241
81,64,31,176
67,65,87,219
94,85,47,226
47,65,85,197
92,90,93,275
80,91,81,252
38,54,51,143
42,93,89,224
69,89,39,197
84,86,35,205
72,99,35,206
73,81,57,211
97,85,71,253
62,92,70,224
53,97,92,242
65,49,51,165
39,83,58,180
49,30,63,142
41,39,31,111
91,52,55,198
47,80,48,175
92,53,49,194
54,42,62,158
41,58,33,132
50,87,61,198
54,72,48,174
40,39,32,111
93,60,90,243
79,43,67,189
91,63,35,189
78,46,85,209
43,50,69,162
30,96,98,224
54,87,71,212
88,37,31,156
98,67,57,222
34,55,46,135
48,93,99,240
52,59,98,209
38,38,68,144
79,61,36,176
45,40,61,146
62,63,33,158
31,47,50,128
43,48,61,152
30,83,43,156
87,66,99,252
45,41,75,161
76,33,49,158
73,72,87,232
43,56,77,176
53,80,36,169
84,34,69,187
44,35,88,167
63,85,65,213
31,97,73,201
56,73,60,189
52,44,71,167
97,71,73,241
43,40,72,155
92,40,72,204
94,95,76,265
97,56,35,188
92,87,95,274
93,50,38,181
61,50,40,151
42,30,47,119
95,87,54,236
48,42,87,177
53,35,59,147
40,87,30,157
88,46,92,226
44,41,58,143
39,81,95,215
70,99,82,251
56,81,48,185
89,66,95,250
81,32,81,194
57,37,60,154
94,39,89,222
46,76,97,219
73,70,59,202
39,93,42,174
92,71,44,207
76,72,49,197
67,38,63,168
99,43,49,191
82,33,79,194
73,31,56,160
83,30,59,172
49,94,85,228
60,75,94,229
36,88,84,208
87,36,53,176
39,95,54,188
39,44,82,165
68,76,40,184
57,69,89,215
59,71,76,206
66,80,54,200
96,64,54,214
72,70,46,188
81,86,41,208
85,67,81,233
97,37,40,174
38,92,39,169
52,33,89,174
92,77,83,252
90,81,92,263
69,67,49,185
73,34,34,141
53,99,70,222
80,53,92,225
87,46,85,218
62,55,61,178
45,32,56,133
51,31,97,179
86,31,77,194
91,51,36,178
99,33,75,207
59,67,47,173
52,99,67,218
61,81,94,236
86,60,46,192
38,55,67,160
60,65,92,217
38,55,71,164
42,57,37,136
87,34,59,180
32,47,93,172
64,44,38,146
50,86,86,222
93,34,88,215
81,66,96,243
63,51,34,148
64,81,33,178
44,44,37,125
35,46,71,152
61,80,64,205
81,74,42,197
57,92,34,183
93,57,69,219
48,88,48,184
44,50,33,127
35,71,88,194
67,98,47,212
55,46,53,154
80,97,60,237
82,36,87,205
85,69,57,211
88,69,38,195
99,72,74,245
87,80,78,245
42,52,31,125
72,61,35,168
80,60,58,198
48,46,55,149
50,87,57,194
53,64,36,153
55,59,63,177
74,93,85,252
57,82,39,178
58,80,86,224
46,66,76,188
97,35,56,188
73,63,68,204
90,85,51,226
97,54,48,199
54,42,38,134
96,92,48,236
31,95,31,157
78,34,90,202
99,40,88,227
55,73,99,227
56,98,99,253
47,31,62,140
83,69,94,246
30,66,54,150
90,78,99,267
32,65,57,154
97,99,47,243
70,63,92,225
66,87,78,231
80,66,95,241
44,89,69,202
37,41,95,173
67,61,33,161
85,33,63,181
76,62,34,172
39,72,51,162
78,38,49,165
70,80,76,226
59,49,63,171
34,68,73,175
60,52,35,147
81,70,85,236
52,73,58,183
77,64,82,223
69,52,30,151
35,87,88,210
67,77,77,221
70,87,36,193
56,86,61,203
98,68,90,256
86,57,86,229
46,93,80,219
76,91,48,215
42,91,56,189
40,55,92,187
53,80,89,222
33,79,90,202
75,65,90,230
47,55,74,176
72,62,50,184
62,97,73,232
39,37,30,106
88,95,73,256
60,52,91,203
57,99,90,246
89,84,79,252
32,72,70,174
84,50,62,196
43,51,41,135
87,38,31,156
44,63,50,157
31,88,43,162
53,55,63,171
93,30,93,216
53,34,52,139
56,70,79,205
66,92,43,201
68,51,75,194
92,97,34,223
55,77,95,227
94,95,51,240
33,45,99,177
58,82,31,171
30,94,58,182
79,93,90,262
40,97,45,182
88,92,93,273
91,91,43,225
65,74,72,211
85,81,72,238
50,94,99,243
42,31,84,157
38,78,60,176
40,51,69,160
99,58,56,213
30,64,81,175
99,53,36,188
85,59,75,219
60,71,62,193
66,79,37,182
76,89,34,199
76,59,90,225
98,41,89,228
87,78,53,218
65,75,36,176
61,72,90,223
93,31,65,189
71,83,56,210
77,64,58,199
59,81,49,189
50,62,99,211
89,80,32,201
42,55,68,165
30,91,74,195
94,90,97,281
62,55,60,177
67,66,67,200
54,59,35,148
55,40,37,132
88,82,57,227
62,70,44,176
70,34,37,141
59,95,83,237
86,42,35,163
78,92,58,228
77,54,63,194
78,73,36,187
76,43,69,188
85,98,42,225
94,88,91,273
41,85,94,220
98,81,70,249
35,95,71,201
94,97,95,286
54,41,40,135
30,97,79,206
61,72,64,197
32,35,49,116
78,44,57,179
48,71,66,185
89,60,32,181
58,82,88,228
79,35,56,170
31,62,61,154
85,58,77,220
46,50,75,171
89,83,76,248
65,85,69,219
90,50,32,172
46,84,58,188
78,87,87,252
89,93,79,261
49,75,39,163
79,51,90,220
32,89,90,211
72,40,52,164
86,76,35,197
79,60,89,228
97,47,56,200
79,51,84,214
66,85,60,211
75,46,59,180
71,67,96,234
44,54,42,140
62,61,88,211
40,44,83,167
49,42,50,141
53,87,72,212
93,79,40,212
94,40,96,230
46,42,67,155
90,79,53,222
44,67,80,191
80,30,90,200
56,68,75,199
90,56,72,218
87,65,56,208
60,61,59,180
41,70,92,203
75,44,39,158
60,60,32,152
61,35,89,185
61,81,56,198
82,51,74,207
90,60,91,241
75,75,53,203
36,96,75,207
33,72,73,178
81,30,92,203
60,73,33,166
65,86,45,196
83,38,80,201
83,34,77,194
46,38,94,178
59,74,98,231
51,53,74,178
72,71,32,175
56,51,46,153
66,89,66,221
75,66,34,175
64,68,76,208
33,82,73,188
55,57,62,174
48,44,50,142
74,89,96,259
55,89,97,241
51,35,61,147
87,81,53,221
92,41,64,197
57,48,47,152
94,31,96,221
73,84,83,240
72,44,55,171
66,93,89,248
95,98,94,287
46,44,80,170
69,72,89,230
67,46,88,201
90,53,46,189
38,59,50,147
90,96,96,282
45,80,57,182
31,89,73,193
72,32,99,203
71,34,91,196
86,57,71,214
96,40,51,187
59,44,67,170
42,77,43,162
48,75,55,178
36,57,69,162
38,36,83,157
83,35,42,160
90,87,48,225
31,97,71,199
79,84,70,233
60,96,79,235
62,78,32,172
40,80,60,180
62,88,44,194
36,35,83,154
60,80,82,222
77,67,74,218
76,40,67,183
82,81,79,242
48,49,53,150
35,39,46,120
78,55,47,180
79,77,71,227
41,43,46,130
52,88,45,185
83,41,81,205
98,52,65,215
88,68,68,224
65,38,54,157
32,54,71,157
87,46,50,183
84,71,97,252
86,58,88,232
46,89,59,194
68,96,86,250
97,86,62,245
84,43,82,209
74,68,45,187
30,45,78,153
50,47,34,131
50,49,89,188
81,75,84,240
72,74,64,210
81,33,98,212
96,49,71,216
73,40,98,211
61,94,53,208
39,47,84,170
93,68,43,204
98,73,84,255
97,47,44,188
57,76,34,167
82,60,33,175
80,68,59,207
82,67,82,231
33,76,59,168
46,99,90,235
96,37,97,230
76,94,84,254
85,42,71,198
52,84,58,194
47,72,64,183
30,33,74,137
64,89,58,211
93,41,99,233
87,88,32,207
88,83,86,257
30,73,95,198
32,45,51,128
96,35,56,187
66,43,51,160
58,87,78,223
62,60,53,175
90,70,56,216
33,64,65,162
43,39,46,128
62,59,85,206
51,73,39,163
77,84,83,244
32,47,67,146
52,68,33,153
97,71,79,247
50,83,90,223
72,59,50,181
55,49,65,169
70,71,75,216
67,34,73,174
40,79,93,212
58,70,47,175
89,68,42,199
96,86,42,224
94,86,54,234
90,66,34,190
48,36,68,152
75,34,58,167
78,80,86,244
51,37,75,163
86,85,62,233
43,40,39,122
73,51,87,211
45,40,54,139
41,89,68,198
84,44,45,173
80,67,89,236
68,30,57,155
62,75,73,210
62,72,87,221
58,51,61,170
98,32,92,222
99,43,74,216
60,31,82,173
60,90,90,240
75,61,79,215
81,67,56,204
39,75,55,169
70,71,32,173
32,35,68,135
88,70,94,252
81,54,64,199
63,40,82,185
78,70,75,223
57,86,97,240
42,75,51,168
98,77,89,264
96,92,35,223
90,68,81,239
89,39,58,186
53,99,72,224
92,94,63,249
90,88,60,238
52,65,75,192
59,56,33,148
89,84,31,204
47,99,34,180
85,82,75,242
82,89,48,219
36,90,67,193
98,65,88,251
81,56,49,186
33,70,97,200
63,57,82,202
98,45,84,227
62,64,68,194
98,65,65,228
67,85,87,239
55,48,44,147
30,86,30,146
33,62,38,133
68,52,52,172
83,92,81,256
62,99,55,216
62,51,89,202
49,96,47,192
45,88,87,220
50,54,94,198
74,46,98,218
91,68,43,202
60,68,75,203
71,53,98,222
41,67,61,169
94,86,80,260
32,73,98,203
38,65,44,147
80,99,82,261
45,74,98,217
32,55,44,131
53,40,59,152
42,81,53,176
31,54,64,149
50,60,98,208
48,74,41,163
76,96,75,247
51,69,98,218
62,75,65,202
61,83,77,221
93,70,96,259
68,67,83,218
71,65,65,201
38,73,81,192
54,86,51,191
31,95,67,193
48,59,91,198
49,39,94,182
99,90,32,221
46,92,37,175
97,65,68,230
32,83,47,162
80,94,32,206
55,33,47,135
85,84,30,199
93,83,55,231
37,93,81,211
66,51,41,158
56,54,67,177
74,88,70,232
33,86,82,201
66,83,42,191
62,73,42,177
60,81,47,188
84,45,48,177
41,45,48,134
40,84,99,223
61,90,77,228
86,69,57,212
67,50,48,165
89,95,77,261
48,37,58,143
85,39,77,201
43,86,48,177
62,33,76,171
39,72,89,200
93,92,77,262
93,72,49,214
91,96,48,235
97,80,71,248
72,85,78,235
88,72,44,204
81,53,89,223
48,63,97,208
50,88,56,194
51,31,84,166
38,31,44,113
38,39,81,158
56,52,60,168
46,44,36,126
73,46,42,161
74,43,83,200
37,45,42,124
47,61,49,157
62,52,39,153
30,63,81,174
35,45,66,146
70,63,81,214
84,62,56,202
34,97,63,194
88,72,91,251
47,93,45,185
78,47,88,213
94,97,50,241
83,90,45,218
90,49,42,181
37,40,62,139
32,75,83,190
54,93,98,245
98,57,56,211
84,77,81,242
69,64,94,227
79,37,73,189
62,51,59,172
47,53,52,152
86,95,45,226
45,93,84,222
67,94,47,208
70,43,46,159
36,54,81,171
82,32,74,188
92,34,85,211
61,94,83,238
67,83,38,188
51,48,46,145
45,83,56,184
81,39,66,186
58,45,51,154
45,75,96,216
46,58,67,171
93,44,73,210
42,77,65,184
85,40,54,179
34,63,71,168
41,65,42,148
70,59,85,214
32,48,80,160
62,97,79,238
79,99,81,259
85,62,62,209
38,51,54,143
79,65,87,231
58,52,69,179
68,92,67,227
74,55,32,161
46,89,45,180
85,34,31,150
75,83,52,210
96,67,59,222
98,91,39,228
43,54,94,191
96,41,51,188
52,51,81,184
90,38,85,213
52,58,62,172
56,73,59,188
83,56,53,192
39,84,34,157
45,34,82,161
70,81,84,235
84,42,52,178
90,71,39,200
78,44,62,184
81,47,91,219
31,79,56,166
79,31,36,146
72,42,56,170
37,97,39,173
88,76,86,250
94,79,59,232
41,41,32,114
33,42,58,133
70,38,43,151
36,88,54,178
98,74,39,211
98,99,78,275
59,72,67,198
35,52,43,130
48,74,59,181
95,52,69,216
39,63,41,143
45,45,43,133
66,92,30,188
61,80,97,238
76,61,78,215
72,67,47,186
65,85,65,215
55,98,93,246
39,46,57,142
60,68,61,189
58,70,54,182
34,77,76,187
30,57,49,136
32,79,62,173
96,30,59,185
64,79,66,209
44,48,82,174
96,88,98,282
59,97,37,193
72,96,30,198
89,70,36,195
69,39,91,199
94,57,87,238
58,63,37,158
48,68,93,209
32,85,37,154
65,81,32,178
72,32,87,191
44,52,61,157
70,46,97,213
65,55,78,198
62,47,67,176
34,75,31,140
43,99,38,180
97,60,75,232
76,38,94,208
83,64,78,225
33,89,58,180
38,92,58,188
82,81,62,225
89,77,57,223
75,90,55,220
83,53,58,194
66,87,40,193
52,93,63,208
56,59,77,192
99,58,56,213
95,39,69,203
90,68,60,218
80,84,94,258
79,57,68,204
48,47,53,148
30,70,97,197
69,94,52,215
61,75,90,226
51,89,56,196
95,38,45,178
69,74,74,217
67,89,56,212
77,57,34,168
84,32,88,204
84,80,64,228
80,37,99,216
89,99,75,263
37,88,85,210
97,90,53,240
38,87,39,164
31,99,67,197
99,41,99,239
88,38,77,203
48,78,38,164
57,46,79,182
43,83,98,224
53,73,77,203
73,61,68,202
85,64,34,183
80,78,40,198
61,83,89,233
79,45,56,180
70,41,36,147
95,37,89,221
54,50,79,183
90,77,96,263
95,37,98,230
71,57,84,212
94,39,45,178
65,81,41,187
38,44,56,138
65,33,62,160
67,91,84,242
62,33,81,176
71,70,66,207
90,84,44,218
75,57,94,226
90,76,97,263
47,38,32,117
99,31,34,164
44,96,38,178
77,77,30,184
42,98,59,199
72,57,49,178
89,43,56,188
86,75,92,253
46,42,60,148
79,45,48,172
61,69,91,221
51,59,36,146
84,94,66,244
86,87,37,210
42,77,86,205
76,78,57,211
91,31,46,168
83,43,40,166
58,46,44,148
51,60,59,170
94,39,35,168
58,99,41,198
77,66,90,233
34,93,65,192
64,59,64,187
75,63,96,234
64,47,92,203
74,92,69,235
42,78,60,180
39,85,66,190
95,87,34,216
99,56,33,188
54,84,55,193
73,48,53,174
89,52,68,209
76,76,85,237
69,95,83,247
36,80,67,183
75,57,83,215
52,86,48,186
75,87,55,217
42,44,81,167
50,45,90,185
30,76,96,202
48,92,51,191
89,41,46,176
62,72,40,174
33,58,68,159
32,78,90,200
81,32,78,191
57,98,90,245
99,89,41,229
99,95,42,236
84,55,87,226
86,98,40,224
45,76,93,214
53,71,60,184
98,60,40,198
70,51,72,193
76,46,65,187
98,49,31,178
60,37,90,187
59,78,65,202
47,67,78,192
73,82,56,211
56,57,41,154
55,58,87,200
89,40,35,164
47,76,73,196
85,74,76,235
60,47,52,159
88,79,55,222
31,78,36,145
68,51,61,180
90,74,62,226
92,90,49,231
47,50,98,195
46,90,81,217
68,65,71,204
83,53,30,166
64,61,92,217
40,88,36,164
90,34,87,211
73,45,79,197
97,40,63,200
54,64,80,198
77,71,39,187
61,39,55,155
33,37,61,131
67,55,71,193
92,32,91,215
76,88,41,205
30,32,69,131
32,67,63,162
91,31,99,221
93,46,56,195
46,65,37,148
91,31,76,198
64,63,55,182
42,56,86,184
64,66,36,166
72,51,55,178
31,97,88,216
85,43,98,226
80,52,76,208
83,73,64,220
45,94,59,198
47,90,79,216
36,84,53,173
74,79,59,212
65,41,83,189
70,44,96,210
71,46,61,178
36,63,37,136
44,64,79,187
89,68,76,233
69,84,75,228
66,88,64,218
95,34,90,219
84,59,80,223
85,33,92,210
73,44,37,154
86,64,63,213
35,84,54,173
61,95,73,229
47,89,72,208
97,53,79,229
36,51,42,129
37,73,75,185
93,61,82,236
36,80,92,208
70,32,31,133
69,99,69,237
32,61,52,145
46,31,88,165
95,88,98,281
81,43,63,187
51,80,56,187
33,40,84,157
35,39,33,107
67,87,97,251
55,63,99,217
40,82,56,178
46,57,76,179
60,47,69,176
64,55,56,175
45,36,36,117
47,74,52,173
91,74,93,258
56,64,58,178
64,81,90,235
74,50,73,197
64,57,98,219
57,73,56,186
38,85,41,164
44,39,46,129
50,52,66,168
81,77,63,221
64,81,65,210
80,44,35,159
84,84,61,229
73,72,51,196
94,79,39,212
54,35,58,147
76,62,40,178
85,91,95,271
67,84,85,236
40,68,87,195
96,41,81,218
44,60,90,194
30,82,46,158
36,63,59,158
30,70,66,166
78,39,34,151
58,81,55,194
55,86,99,240
74,32,30,136
41,86,38,165
61,62,93,216
49,36,53,138
80,33,34,147
65,68,80,213
96,77,67,240
30,45,58,133
56,67,75,198
69,33,81,183
43,33,75,151
98,56,97,251
35,46,88,169
62,99,39,200
84,83,33,200
48,37,81,166
58,82,47,187
90,34,80,204
99,98,52,249
53,76,54,183
52,69,89,210
39,36,66,141
83,41,97,221
70,54,47,171
78,57,58,193
46,72,59,177
85,76,36,197
74,78,70,222
59,83,66,208
73,47,56,176
84,56,50,190
48,35,72,155
58,98,80,236
31,51,42,124
65,88,82,235
48,76,92,216
36,97,86,219
55,61,54,170
67,30,42,139
32,83,66,181
95,75,59,229
72,70,41,183
91,70,94,255
53,37,47,137
68,61,91,220
97,59,53,209
73,75,89,237
34,81,46,161
84,90,89,263
59,42,38,139
58,69,81,208
55,90,44,189
55,73,57,185
66,91,38,195
82,73,85,240
59,77,65,201
32,88,85,205
72,86,49,207
36,40,84,160
78,54,89,221
70,90,64,224
83,75,30,188
98,83,74,255
56,63,98,217
37,36,69,142
61,91,67,219
93,86,53,232
39,34,33,106
42,64,98,204
92,66,42,200
64,89,50,203
90,94,61,245
83,45,67,195
37,59,61,157
58,71,86,215
70,90,77,237
59,77,59,195
50,91,67,208
40,93,73,206
31,86,55,172
79,97,31,207
70,75,72,217
95,57,72,224
32,32,92,156
80,66,87,233
97,77,77,251
54,48,34,136
59,46,64,169
40,69,45,154
46,79,78,203
55,58,89,202
52,80,80,212
85,71,88,244
81,58,93,232
77,95,42,214
49,46,55,150
31,60,99,190
60,81,32,173
56,68,41,165
31,89,70,190
33,80,94,207
42,45,92,179
64,43,79,186
95,71,76,242
35,80,37,152
60,53,60,173
39,72,40,151
50,48,46,144
52,90,56,198
32,92,56,180
61,55,85,201
49,64,98,211
58,96,76,230
81,85,48,214
75,69,86,230
63,58,60,181
90,35,45,170
99,81,74,254
40,30,56,126
92,81,90,263
50,53,55,158
32,63,58,153
39,36,73,148
56,40,58,154
41,65,31,137
36,49,35,120
46,92,38,176
94,92,44,230
93,98,87,278
55,59,31,145
44,59,32,135
62,51,81,194
91,90,84,265
76,50,82,208
64,66,69,199
94,56,68,218
54,64,72,190
86,67,42,195
61,89,66,216
92,99,84,275
41,61,61,163
92,56,43,191
30,32,94,156
80,78,56,214
99,59,53,211
37,51,51,139
97,48,74,219
34,60,37,131
68,49,96,213
52,48,93,193
97,31,76,204
81,69,50,200
33,68,61,162
76,83,74,233
50,56,73,179
85,41,70,196
95,46,81,222
88,39,40,167
36,48,47,131
78,59,40,177
45,59,56,160
46,54,72,172
63,95,94,252
62,64,83,209
55,80,58,193
95,56,50,201
92,39,58,189
70,72,38,180
87,84,90,261
39,35,91,165
44,35,34,113
71,77,44,192
86,31,86,203
46,80,34,160
89,90,49,228
38,48,33,119
65,31,85,181
65,80,63,208
77,55,69,201
80,99,98,277
99,49,97,245
97,52,51,200
51,83,43,177
35,44,97,176
55,35,37,127
32,64,96,192
81,37,75,193
89,86,58,233
92,79,41,212
94,78,81,253
81,50,87,218
43,65,31,139
97,98,30,225
57,87,84,228
39,92,63,194
86,45,93,224
95,35,97,227
79,81,41,201
43,31,79,153
45,47,50,142
83,64,39,186
72,68,99,239
71,30,43,144
51,66,69,186
97,50,59,206
48,30,43,121
95,33,81,209
68,87,46,201
48,30,91,169
45,42,51,138
83,75,82,240
54,76,61,191
47,36,84,167
52,80,51,183
40,32,67,139
68,79,79,226
97,55,95,247
54,60,74,188
92,91,37,220
59,55,94,208
74,96,69,239
90,84,34,208
80,57,74,211
38,73,75,186
31,67,65,163
34,59,46,139
91,95,70,256
98,37,59,194
81,43,81,205
34,91,49,174
88,92,65,245
97,95,95,287
38,69,74,181
51,42,33,126
56,46,79,181
39,44,84,167
90,62,88,240
80,45,71,196
39,42,31,112
35,52,75,162
91,65,31,187
34,72,79,185
99,79,30,208
92,42,42,176
85,59,99,243
88,86,51,225
92,59,46,197
88,39,88,215
80,95,99,274
79,68,32,179
33,66,99,198
77,32,78,187
61,63,79,203
80,67,64,211
81,43,52,176
63,93,36,192
65,68,79,212
99,83,39,221
72,31,84,187
45,72,48,165
88,82,52,222
82,32,93,207
48,70,62,180
70,37,95,202
76,92,38,206
83,94,58,235
84,33,47,164
48,97,58,203
91,39,90,220
88,79,34,201
94,52,98,244
97,90,85,272
57,76,81,214
47,32,44,123
55,46,49,150
48,51,45,144
84,45,54,183
86,32,86,204
35,81,50,166
30,62,34,126
37,71,38,146
80,31,40,151
54,68,94,216
76,75,92,243
84,77,55,216
93,56,48,197
39,44,45,128
85,36,85,206
41,86,97,224
62,71,59,192
46,38,36,120
90,35,41,166
39,86,53,178
60,59,51,170
89,84,76,249
99,83,59,241
46,56,89,191
79,88,68,235
66,36,49,151
91,69,55,215
58,31,78,167
61,43,98,202
40,39,71,150
35,79,35,149
64,47,82,193
62,47,63,172
47,45,98,190
66,81,39,186
42,98,57,197
93,81,32,206
30,60,77,167
92,52,95,239
63,71,64,198
39,91,81,211
36,79,91,206
85,44,81,210
66,73,76,215
58,71,83,212
41,74,57,172
46,64,52,162
77,51,64,192
55,67,61,183
41,99,31,171
50,93,45,188
71,36,45,152
90,73,80,243
87,36,96,219
83,95,83,261
63,89,49,201
36,30,62,128
64,91,37,192
44,47,53,144
94,36,82,212
54,83,93,230
88,96,87,271
35,39,66,140
81,90,41,212
50,88,33,171
61,88,60,209
82,98,67,247
88,92,66,246
98,37,43,178
91,84,53,228
33,35,39,107
47,30,67,144
85,85,72,242
53,39,66,158
95,52,71,218
42,45,61,148
91,45,43,179
83,85,33,201
44,35,53,132
98,59,39,196
32,92,45,169
66,30,68,164
66,80,47,193
32,75,54,161
92,50,36,178
64,67,85,216
81,98,76,255
57,92,32,181
47,79,30,156
65,41,62,168
62,98,88,248
93,73,61,227
55,81,46,182
77,38,46,161
69,94,50,213
46,39,84,169
69,75,35,179
36,87,78,201
86,66,55,207
37,81,61,179
85,42,73,200
60,35,88,183
88,87,58,233
87,77,46,210
41,61,47,149
77,40,69,186
60,34,92,186
92,35,74,201
68,50,32,150
49,71,32,152
77,56,67,200
83,32,69,184
58,89,97,244
77,95,83,255
85,78,49,212
46,63,44,153
38,66,34,138
63,71,68,202
74,94,69,237
38,89,36,163
36,30,62,128
45,88,66,199
48,33,61,142
35,43,72,150
40,47,92,179
90,63,65,218
71,30,78,179
42,82,54,178
41,51,95,187
49,90,38,177
79,51,47,177
65,79,51,195
98,45,44,187
66,57,36,159
41,99,42,182
69,71,65,205
83,95,45,223
31,64,70,165
79,49,50,178
70,31,57,158
74,36,46,156
38,78,94,210
91,38,42,171
76,56,65,197
34,31,87,152
30,97,49,176
73,89,81,243
51,78,35,164
67,31,52,150
48,46,71,165
60,49,53,162
96,61,34,191
71,80,61,212
55,71,75,201
42,92,46,180
87,90,56,233
47,91,97,235
96,32,52,180
32,55,63,150
84,77,50,211
87,37,51,175
92,34,94,220
81,40,61,182
53,71,91,215
38,70,57,165
66,48,36,150
82,77,83,242
53,82,99,234
50,84,43,177
69,90,84,243
91,61,87,239
99,75,73,247
98,65,75,238
43,47,43,133
71,47,73,191
79,41,70,190
90,75,31,196
33,84,34,151
46,67,41,154
86,31,76,193
77,38,64,179
73,34,48,155
74,48,92,214
62,68,37,167
60,71,52,183
76,46,42,164
35,92,52,179
63,75,60,198
82,49,59,190
43,99,71,213
45,37,31,113
72,48,40,160
41,61,54,156
99,48,58,205
48,53,51,152
70,53,48,171
82,85,70,237
58,47,67,172
99,41,58,198
88,70,51,209
93,77,37,207
53,93,76,222
45,45,35,125
81,52,36,169
35,68,65,168
66,62,37,165
33,53,75,161
67,90,93,250
70,84,60,214
43,90,52,185
80,69,90,239
94,87,79,260
81,30,75,186
59,54,72,185
86,82,39,207
59,90,49,198
71,75,45,191
40,89,32,161
56,80,59,195
53,77,47,177
68,69,88,225
47,36,99,182
74,48,64,186
41,44,48,133
78,99,55,232
60,90,64,214
51,85,86,222
73,39,78,190
93,75,39,207
54,86,58,198
80,64,97,241
36,32,53,121
35,95,72,202
53,82,68,203
48,81,54,183
38,82,97,217
65,83,63,211
69,76,82,227
53,32,84,169
77,94,82,253
92,44,47,183
98,63,36,197
82,79,92,253
83,62,71,216
71,32,40,143
74,31,38,143
43,33,64,140
58,45,94,197
35,83,34,152
36,62,55,153
66,38,80,184
82,86,67,235
47,69,32,148
67,81,88,236
88,45,42,175
30,37,64,131
97,89,32,218
73,65,82,220
76,32,84,192
64,44,74,182
89,52,95,236
81,32,96,209
37,59,73,169
70,74,97,241
32,46,91,169
98,87,54,239
43,87,81,211
55,86,79,220
99,36,30,165
87,68,68,223
69,87,81,237
80,85,69,234
34,44,89,167
61,73,98,232
30,41,49,120
83,37,31,151
40,70,38,148
82,63,68,213
37,75,59,171
54,58,83,195
69,45,87,201
61,34,73,168
57,34,72,163
32,59,39,130
91,79,77,247
56,34,46,136
74,42,34,150
54,78,99,231
90,79,93,262
73,43,95,211
75,75,33,183
43,63,57,163
37,76,67,180
77,89,95,261
43,40,96,179
94,79,89,262
36,33,76,145
78,70,54,202
84,88,95,267
42,89,96,227
85,91,98,274
85,54,69,208
44,62,79,185
86,48,69,203
87,86,66,239
64,44,98,206
45,70,46,161
37,98,91,226
74,89,70,233
69,51,71,191
83,72,60,215
43,61,62,166
88,42,72,202
82,67,96,245
56,55,67,178
76,34,70,180
35,78,92,205
84,34,69,187
73,77,59,209
47,47,76,170
45,35,51,131
41,95,84,220
49,71,72,192
74,81,90,245
93,40,61,194
88,55,33,176
51,50,74,175
76,95,49,220
58,69,94,221
74,85,89,248
38,80,55,173
53,49,52,154
44,86,69,199
65,34,31,130
42,43,55,140
73,53,91,217
65,97,73,235
90,81,60,231
69,77,55,201
56,76,34,166
30,89,99,218
63,32,64,159
97,38,45,180
50,53,60,163
62,33,43,138
36,38,54,128
94,30,47,171
32,64,79,175
80,41,49,170
83,47,85,215
88,39,31,158
35,47,55,137
58,53,52,163
46,30,61,137
89,45,42,176
51,44,42,137
53,91,46,190
80,34,87,201
79,74,56,209
40,81,46,167
85,36,67,188
71,56,43,170
68,42,43,153
98,46,41,185
77,73,98,248
86,42,97,225
50,34,84,168
49,62,92,203
44,33,58,135
98,55,74,227
80,97,33,210
91,45,45,181
66,51,95,212
35,65,52,152
55,87,97,239
37,84,49,170
33,64,46,143
50,54,81,185
60,90,35,185
50,47,68,165
54,87,63,204
44,86,83,213
64,92,94,250
78,41,58,177
72,40,70,182
70,42,92,204
66,64,61,191
86,56,95,237
71,96,74,241
76,74,46,196
90,96,72,258
43,51,95,189
97,71,97,265
82,49,63,194
63,77,30,170
53,47,52,152
49,99,35,183
98,35,45,178
59,68,31,158
36,40,56,132
65,54,48,167
67,84,57,208
81,87,64,232
44,66,97,207
75,45,78,198
52,99,36,187
41,66,66,173
73,82,54,209
44,45,70,159
78,47,91,216
50,48,70,168
44,73,43,160
43,31,83,157
71,87,31,189
44,39,77,160
92,75,80,247
97,48,84,229
56,67,41,164
82,66,98,246
81,74,30,185
92,63,88,243
82,31,63,176
86,73,75,234
81,56,88,225
72,77,95,244
36,36,48,120
71,56,57,184
33,47,69,149
98,62,86,246
34,62,80,176
70,54,51,175
33,43,97,173
31,67,37,135
96,67,89,252
50,33,94,177
99,91,65,255
72,39,58,169
98,64,94,256
38,52,85,175
57,94,33,184
55,54,79,188
32,82,68,182
78,46,64,188
46,86,54,186
92,49,73,214
84,54,76,214
52,71,69,192
63,74,60,197
98,60,98,256
44,94,72,210
76,81,84,241
32,50,45,127
57,59,97,213
32,32,98,162
33,99,71,203
60,72,70,202
74,58,79,211
88,32,35,155
74,87,82,243
66,62,46,174
94,74,86,254
38,98,96,232
46,61,45,152
94,81,81,256
32,93,63,188
55,69,49,173
82,42,85,209
60,58,80,198
55,92,82,229
52,55,78,185
59,88,33,180
39,78,47,164
93,82,65,240
51,60,64,175
44,41,59,144
85,87,92,264
49,65,50,164
76,39,81,196
82,35,98,215
82,36,70,188
30,60,83,173
31,32,59,122
87,76,85,248
48,30,70,148
91,74,43,208
41,83,50,174
55,79,54,188
56,36,79,171
58,92,82,232
44,44,77,165
75,96,99,270
30,59,77,166
89,97,33,219
86,65,53,204
32,96,60,188
47,34,58,139
81,54,34,169
89,40,96,225
63,95,82,240
89,57,93,239
55,89,64,208
48,39,41,128
51,79,76,206
62,68,84,214
67,66,98,231
64,92,67,223
96,90,58,244
39,67,41,147
44,62,48,154
40,74,38,152
53,73,58,184
33,30,32,95
42,82,59,183
86,76,87,249
66,62,82,210
77,96,33,206
30,44,86,160
89,43,83,215
41,52,57,150
50,83,45,178
40,37,42,119
73,83,85,241
87,65,82,234
73,81,77,231
63,35,54,152
54,57,95,206
33,79,59,171
93,67,32,192
45,59,52,156
39,83,58,180
95,75,70,240
64,57,40,161
35,46,50,131
48,77,53,178
88,73,94,255
82,89,30,201
37,89,83,209
39,34,63,136
96,98,97,291
67,99,58,224
58,36,32,126
44,82,40,166
52,46,37,135
75,88,91,254
57,38,62,157
55,51,37,143
39,74,54,167
76,88,55,219
33,42,55,130
84,41,46,171
95,65,58,218
96,39,72,207
36,45,34,115
84,48,79,211
60,35,85,180
48,33,92,173
57,59,86,202
57,75,74,206
48,56,66,170
49,74,65,188
42,66,62,170
72,38,35,145
40,90,74,204
77,64,36,177
44,76,94,214
46,50,53,149
83,46,74,203
79,84,90,253
57,35,48,140
33,64,61,158
51,79,59,189
68,66,94,228
63,42,61,166
73,54,86,213
71,30,49,150
69,78,59,206
41,64,88,193
31,82,91,204
57,81,96,234
96,83,60,239
39,76,95,210
86,72,83,241
66,49,39,154
93,62,67,222
69,45,60,174
89,36,58,183
77,99,54,230
48,50,61,159
62,65,46,173
73,83,74,230
66,48,78,192
65,54,47,166
50,96,81,227
31,82,49,162
60,77,91,228
59,71,42,172
73,76,72,221
41,71,50,162
80,31,35,146
78,35,82,195
53,75,81,209
53,95,98,246
89,69,38,196
40,87,75,202
42,62,59,163
93,91,72,256
49,41,88,178
57,78,67,202
31,34,63,128
72,80,75,227
37,98,61,196
42,61,45,148
64,78,68,210
52,89,30,171
75,75,86,236
44,97,49,190
31,70,71,172
90,96,63,249
93,42,79,214
81,47,40,168
65,80,72,217
96,65,39,200
98,63,37,198
96,41,48,185
76,34,94,204
31,77,84,192
73,69,81,223
93,42,32,167
57,55,82,194
83,43,73,199
96,40,77,213
65,67,83,215
92,86,45,223
54,51,59,164
77,45,57,179
68,58,45,171
76,31,80,187
50,83,62,195
59,31,54,144
60,32,47,139
55,85,55,195
51,40,35,126
50,61,67,178
30,33,73,136
66,38,96,200
75,85,72,232
38,45,35,118
46,39,93,178
76,65,42,183
88,53,94,235
83,93,67,243
41,85,93,219
93,51,43,187
35,81,46,162
82,79,42,203
45,76,35,156
34,52,35,121
75,48,66,189
43,81,86,210
73,63,82,218
92,58,75,225
81,90,33,204
55,64,63,182
82,34,95,211
58,36,92,186
48,70,90,208
76,31,71,178
37,39,93,169
52,73,46,171
64,99,90,253
82,64,59,205
87,91,72,250
34,49,36,119
45,64,75,184
46,66,52,164
61,83,65,209
81,57,43,181
49,99,49,197
95,61,85,241
30,40,61,131
87,71,54,212
73,52,78,203
35,59,86,180
79,38,56,173
49,88,56,193
43,57,75,175
34,62,74,170
70,76,55,201
69,51,43,163
63,58,77,198
74,63,44,181
56,71,80,207
73,81,83,237
62,76,40,178
62,80,57,199
73,74,84,231
49,63,98,210
65,50,55,170
36,42,99,177
61,83,61,205
96,54,77,227
68,50,41,159
53,30,99,182
99,87,90,276
83,98,63,244
67,42,74,183
61,81,89,231
74,52,94,220
90,50,42,182
99,35,77,211
82,49,78,209
80,69,87,236
85,38,99,222
56,79,90,225
67,57,55,179
91,40,68,199
47,85,87,219
93,64,56,213
59,54,69,182
78,48,60,186
70,60,32,162
42,79,44,165
63,92,83,238
54,76,99,229
95,30,40,165
47,87,59,193
34,39,64,137
48,37,72,157
71,55,90,216
47,63,69,179
61,48,71,180
50,30,71,151
39,77,32,148
66,54,50,170
78,53,82,213
42,76,73,191
84,98,75,257
46,96,66,208
38,61,67,166
73,46,67,186
75,90,40,205
37,98,74,209
66,40,93,199
48,67,73,188
92,97,91,280
75,48,90,213
55,46,41,142
75,42,38,155
75,30,96,201
43,31,31,105
92,95,37,224
32,97,72,201
57,45,47,149
58,33,81,172
47,86,68,201
64,52,60,176
76,31,43,150
34,96,93,223
88,55,73,216
88,36,89,213
76,73,31,180
42,62,61,165
62,93,65,220
91,65,84,240
45,33,92,170
73,52,98,223
87,54,69,210
35,56,53,144
44,80,87,211
33,98,57,188
85,52,91,228
93,38,54,185
97,62,36,195
63,64,67,194
85,79,74,238
61,53,61,175
38,53,61,152
92,48,30,170
62,68,74,204
50,90,93,233
84,54,97,235
86,54,36,176
31,56,67,154
42,61,99,202
33,40,82,155
79,98,59,236
77,62,51,190
59,48,87,194
58,45,84,187
37,40,75,152
41,98,55,194
70,84,93,247
55,54,38,147
79,63,44,186
31,41,48,120
84,50,45,179
85,58,54,197
43,80,80,203
35,52,75,162
90,62,36,188
41,37,63,141
42,71,87,200
48,98,52,198
73,70,52,195
88,92,46,226
66,43,42,151
54,91,56,201
45,75,95,215
67,96,59,222
72,82,33,187
43,81,96,220
35,36,43,114
52,83,40,175
89,40,69,198
41,54,32,127
42,88,30,160
35,95,38,168
92,56,30,178
67,87,45,199
79,40,75,194
81,84,39,204
69,48,62,179
37,68,70,175
90,99,80,269
37,40,51,128
63,43,45,151
89,89,91,269
86,65,82,233
75,70,43,188
51,31,88,170
69,86,55,210
74,89,73,236
84,49,49,182
80,51,34,165
34,33,94,161
42,85,40,167
57,87,76,220
91,94,39,224
53,87,90,230
36,59,74,169
67,48,76,191
66,91,63,220
97,97,42,236
71,73,52,196
34,90,65,189
93,50,92,235
79,39,76,194
44,59,95,198
82,53,43,178
54,77,82,213
38,84,95,217
67,81,78,226
51,67,45,163
78,96,97,271
97,37,72,206
44,58,94,196
94,39,38,171
83,98,50,231
59,97,72,228
49,78,95,222
62,87,33,182
36,64,36,136
37,79,87,203
57,69,33,159
74,41,49,164
40,45,64,149
60,77,88,225
41,30,74,145
80,94,43,217
73,51,51,175
79,44,77,200
46,96,59,201
64,43,58,165
30,48,65,143
58,69,71,198
80,33,58,171
93,62,36,191
33,72,61,166
57,66,42,165
45,95,42,182
92,56,83,231
82,74,43,199
46,79,35,160
69,92,45,206
42,35,70,147
81,96,81,258
87,96,45,228
66,88,34,188
90,42,53,185
63,50,72,185
99,93,94,286
46,66,39,151
49,77,88,214
88,85,64,237
98,73,60,231
62,42,40,144
46,33,38,117
86,62,95,243
30,66,73,169
42,82,45,169
56,53,77,186
99,80,82,261
88,70,94,252
35,58,77,170
52,88,99,239
39,69,75,183
80,80,62,222
48,79,81,208
80,65,84,229
97,89,80,266
71,47,69,187
86,49,54,189
97,34,92,223
67,47,51,165
91,69,67,227
36,30,38,104
79,48,66,193
81,55,34,170
55,58,51,164
55,88,41,184
48,92,89,229
38,91,73,202
90,77,51,218
49,91,35,175
79,47,56,182
51,95,84,230
42,56,44,142
41,35,93,169
39,99,46,184
94,88,32,214
59,35,39,133
37,60,92,189
50,85,92,227
51,83,91,225
47,70,38,155
95,47,53,195
77,52,61,190
73,65,32,170
38,54,62,154
96,36,72,204
83,49,41,173
55,34,61,150
55,47,49,151
63,62,96,221
37,64,97,198
39,94,46,179
77,92,48,217
84,70,33,187
83,79,46,208
69,59,93,221
44,67,51,162
47,64,95,206
52,95,71,218
91,75,74,240
75,37,40,152
68,97,82,247
44,66,89,199
82,42,58,182
93,74,49,216
92,58,34,184
45,70,54,169
99,85,63,247
95,45,41,181
42,41,57,140
76,95,35,206
38,91,48,177
92,48,41,181
63,59,54,176
58,45,42,145
66,42,32,140
72,98,53,223
93,52,37,182
53,91,74,218
63,60,30,153
77,82,32,191
41,46,94,181
52,78,44,174
42,78,79,199
74,96,49,219
94,55,32,181
76,42,90,208
87,67,44,198
34,51,88,173
34,58,83,175
89,74,89,252
50,75,66,191
53,68,50,171
47,98,52,197
50,97,47,194
83,68,46,197
39,49,60,148
53,97,93,243
89,64,77,230
86,37,55,178
52,81,51,184
51,69,74,194
97,65,65,227
63,35,93,191
99,99,64,262
57,45,56,158
68,75,97,240
71,88,46,205
52,67,99,218
99,47,40,186
31,41,34,106
53,83,87,223
46,76,86,208
94,30,43,167
99,44,30,173
98,50,45,193
89,30,55,174
79,96,78,253
41,41,71,153
76,57,99,232
96,68,95,259
94,66,82,242
56,89,38,183
77,60,98,235
91,87,69,247
73,40,85,198
48,58,34,140
88,42,85,215
37,80,34,151
84,83,98,265
76,48,81,205
31,87,62,180
68,65,51,184
74,57,44,175
61,97,94,252
